# AZMP_SST_Monthly.dat   2020-03-21 11:43
# Peter Galbraith <Peter.Galbraith@dfo-mpo.gc.ca>
#
# SST averaged monthly over AE regions.
#
# col  1: Year
# col  2: Month
#
# col  3: SST in NAFO 2G
# col  4: SST in NAFO 2H
# col  5: SST in NAFO 2J
# col  6: SST in NAFO 3K 
# col  7: SST in NAFO 3L
# col  8: SST in NAFO 3M
# col  9: SST in NAFO 3N
# col 10: SST in NAFO 3O
# col 11: SST in NAFO 3P
# col 12: SST in GSL
# col 13: SST in Estuary
# col 14: SST in NAFO 4Vn
# col 15: SST in NAFO 4Vs
# col 17: SST in NAFO 4W
# col 18: SST in NAFO 4X SS
# col 19: SST in NAFO 4X eGdM+BdF
# col 20: SST standardized anomaly in NAFO 2G
# col 21: SST standardized anomaly in NAFO 2H
# col 22: SST standardized anomaly in NAFO 2J
# col 23: SST standardized anomaly in NAFO 3K
# col 24: SST standardized anomaly in NAFO 3L 
# col 25: SST standardized anomaly in NAFO 3M 
# col 26: SST standardized anomaly in NAFO 3N
# col 27: SST standardized anomaly in NAFO 3O
# col 28: SST standardized anomaly in NAFO 3P
# col 29: SST standardized anomaly in GSL
# col 30: SST standardized anomaly in Estuary
# col 31: SST standardized anomaly in NAFO 4Vn
# col 32: SST standardized anomaly in NAFO 4Vs
# col 33: SST standardized anomaly in NAFO 4W
# col 34: SST standardized anomaly in NAFO 4X SS
# col 35: SST standardized anomaly in NAFO 4X eGdM+BdF
#
# Missing value parameter: -99
#Yr  Mn    2G    2H    2J    3K    3L    3M    3N    3O    3P   GSL   Est   4Vn   4Vs    4W  4XSS 4XeGdM   2J    3K    3L    3M    3N    3O    3P   GSL   Est   4Vn   4Vs    4W  4XSS 4XeGdM
1981 08   -99   -99   -99   -99   -99   -99   -99   -99   -99   -99   -99   -99   -99 17.63   -99   -99   -99   -99   -99   -99   -99   -99   -99   -99   -99   -99   -99 -0.35   -99   -99
1981 09  2.85  4.35  5.42  7.99 11.78 13.37 13.97 14.72 14.20 12.99  7.24 14.95 15.49 16.57 16.28 13.50  0.09 -0.52  0.34  0.78  0.64 -0.70  0.06  0.40 -0.28  0.20 -0.28 -0.17  0.49  0.39
1981 10   -99   -99  3.44  4.77  8.07 10.14 11.65 12.70 11.49  7.91   -99 10.44 12.61 13.10 13.03 11.44  0.84 -0.24 -0.09 -0.18  1.53  0.29  0.82 -0.41   -99 -0.32  0.39 -0.42 -0.23 -0.22
1981 11   -99   -99   -99   -99   -99   -99   -99   -99   -99   -99   -99   -99   -99   -99   -99  9.54   -99   -99   -99   -99   -99   -99   -99   -99   -99   -99   -99   -99   -99  0.20
1981 12   -99   -99   -99   -99   -99   -99   -99   -99   -99   -99   -99   -99   -99   -99   -99   -99   -99   -99   -99   -99   -99   -99   -99   -99   -99   -99   -99   -99   -99   -99
1982 02   -99   -99   -99   -99   -99   -99   -99   -99   -99   -99   -99   -99   -99   -99  1.62   -99   -99   -99   -99   -99   -99   -99   -99   -99   -99   -99   -99   -99  0.39   -99
1982 03   -99   -99   -99   -99  0.60   -99   -99   -99  0.35 -0.79  0.08 -0.13  0.48  1.19  0.65  2.43   -99   -99  0.28   -99   -99   -99  0.06  0.24  0.57  0.40 -0.11 -0.11 -0.26  0.12
1982 04   -99   -99   -99 -0.65  0.18  3.54  1.09  1.17  0.22 -0.16  0.65 -0.11  0.37  1.11  1.31  2.98   -99 -0.30 -0.37 -0.36 -0.70 -1.25 -0.70 -0.14 -0.58 -0.32 -0.93 -1.04 -0.64 -0.27
1982 05   -99   -99   -99  1.23  2.16   -99   -99  4.42  2.88  2.10  2.84  2.51  2.81  3.95  4.74  5.21   -99  0.45  0.46   -99   -99 -0.18 -0.23 -0.99 -1.64 -0.18 -0.87 -0.86 -0.15 -0.35
1982 06  0.01  0.63  1.13  2.00  3.20  5.40   -99  6.67  6.20  7.60   -99  7.44  6.15  6.70  7.12  7.35 -0.75 -1.33 -1.51 -2.11   -99 -1.63 -0.91 -0.74   -99 -0.18 -1.83 -2.46 -2.25 -1.31
1982 07  1.38  3.98  4.36  5.83  9.23 11.37 12.40 12.78 11.19 12.09   -99 13.07 12.23 13.57 12.80 10.74 -0.94 -1.84 -0.50  0.09 -0.59 -1.18 -1.37 -1.52   -99 -0.78 -1.75 -1.38 -1.44 -1.50
1982 08   -99  4.92  7.09  9.61 11.55 12.24 14.18 15.50 14.73 13.79   -99 15.87 16.44 16.73 13.94 12.13 -0.29 -0.78 -1.10 -0.77 -1.21 -1.36 -1.21 -1.63   -99 -1.35 -1.05 -1.25 -2.47 -1.56
1982 09  1.56  3.18  4.85  8.45   -99   -99 13.68 15.41   -99 11.15   -99 14.00 15.66 16.22 14.46 12.19 -0.48 -0.06   -99   -99  0.35 -0.01   -99 -1.44   -99 -0.75 -0.11 -0.52 -1.33 -0.92
1982 10   -99   -99   -99   -99  7.18   -99   -99   -99  9.94  8.29  5.12 10.56 12.20 13.61 13.45 11.58   -99   -99 -0.98   -99   -99   -99 -0.73 -0.03  0.69 -0.20 -0.02  0.09  0.19 -0.08
1982 11   -99   -99   -99   -99   -99   -99   -99   -99   -99   -99   -99   -99   -99   -99 10.80  9.63   -99   -99   -99   -99   -99   -99   -99   -99   -99   -99   -99   -99  1.27  0.29
1983 02   -99   -99   -99   -99   -99   -99   -99   -99   -99   -99   -99   -99   -99   -99  3.56  4.14   -99   -99   -99   -99   -99   -99   -99   -99   -99   -99   -99   -99  2.33  1.45
1983 03   -99   -99   -99   -99  1.17   -99   -99   -99   -99   -99   -99   -99   -99  2.14  2.23   -99   -99   -99  0.85   -99   -99   -99   -99   -99   -99   -99   -99  0.84  1.32   -99
1983 04   -99   -99   -99  0.71  1.93  5.44  4.02  4.28  2.64  0.62   -99  2.07  3.24  3.32  2.90  3.50   -99  1.06  1.38  1.54  2.23  1.86  1.72  0.64   -99  1.86  1.94  1.17  0.95  0.25
1983 05   -99 -0.01  0.12  0.77  2.70  6.09   -99  6.06  3.83  3.25  2.35  3.88  4.57  5.23  5.22  5.26 -0.17 -0.01  1.00  0.81   -99  1.46  0.72  0.16 -2.13  1.19  0.89  0.42  0.33 -0.30
1983 06  0.17  0.69  1.25  3.03  4.83  7.23  9.21  9.83  7.32  8.39   -99  8.29  8.87 10.16 10.31  8.68 -0.63 -0.30  0.12 -0.28  2.20  1.53  0.21  0.05   -99  0.67  0.89  1.00  0.94  0.02
1983 07  0.49  2.60  5.03  7.15 11.20 13.63 15.86 15.80 13.54 13.01   -99 14.31 14.68 15.58 14.68 11.89 -0.27 -0.52  1.47  2.35  2.87  1.84  0.98 -0.60   -99  0.46  0.70  0.63  0.44 -0.35
1983 08  0.89  3.73  5.08  8.12 11.90 14.23 16.80 17.51 15.08 13.91   -99 15.58 16.71 16.82 15.63 11.77 -2.30 -2.27 -0.75  1.22  1.41  0.65 -0.86 -1.51   -99 -1.64 -0.78 -1.16 -0.78 -1.92
1983 09  1.15  3.09  3.79  7.09 10.70   -99   -99 15.35 13.67 12.70   -99 14.67 15.28 16.86 17.22 12.85 -1.54 -1.42 -0.74   -99   -99 -0.07 -0.47  0.11   -99 -0.08 -0.49  0.12  1.43 -0.26
1983 10   -99  1.41  2.29  4.84  8.55   -99   -99 13.35 11.48  9.26  5.31 11.25 12.69 14.42 15.05 11.90 -0.31 -0.17  0.39   -99   -99  0.94  0.81  0.94  0.88  0.49  0.47  0.90  1.79  0.24
1983 11   -99   -99   -99   -99   -99   -99   -99   -99   -99  4.91  1.88   -99   -99  9.13 10.37  9.74   -99   -99   -99   -99   -99   -99   -99  0.58 -0.04   -99   -99 -0.18  0.84  0.40
1984 03   -99   -99   -99   -99   -99   -99  1.70   -99   -99   -99   -99   -99   -99  2.48  1.90  2.86   -99   -99   -99   -99  0.64   -99   -99   -99   -99   -99   -99  1.18  0.99  0.55
1984 04   -99   -99 -0.89 -0.86  0.54   -99   -99  2.82   -99  0.00  0.55  0.82   -99  2.95  1.57  2.75 -0.08 -0.51 -0.01   -99   -99  0.40   -99  0.02 -0.68  0.61   -99  0.80 -0.38 -0.50
1984 05   -99  0.12  0.46  0.79  2.27  5.14  4.00  4.81  3.49  2.85   -99  2.91  4.57  5.25  4.04  4.78  0.17  0.01  0.57 -0.14  0.44  0.21  0.38 -0.24   -99  0.22  0.89  0.44 -0.85 -0.78
1984 06 -0.17  0.51  0.68  2.15  4.84  6.73  6.70  7.93  6.48  7.03  6.80  6.45  7.65  9.09  9.10  8.08 -1.20 -1.18  0.13 -0.78 -0.31 -0.37 -0.63 -1.31 -1.41 -1.17 -0.33 -0.07 -0.27 -0.58
1984 07  1.46  2.64  4.54  7.59 10.66 11.31 13.92 15.40 13.41 13.98   -99 14.31 14.70 14.87 13.86 11.83 -0.76 -0.08  0.93  0.03  0.93  1.44  0.85  0.37   -99  0.46  0.72 -0.08 -0.38 -0.41
1984 08  1.63  4.45  6.76 10.22 13.58 13.51 16.82 18.32 17.17 16.06   -99 18.01 18.88 18.84 17.06 14.56 -0.62 -0.17  0.93  0.50  1.43  1.46  1.23  0.64   -99  0.79  1.39  0.86  0.65  0.87
1984 09  0.83  2.66  4.75  8.10 11.73 13.29 15.05 16.31 14.04 12.74   -99 14.24 16.14 16.91 16.28 13.21 -0.58 -0.41  0.29  0.70  1.72  0.89 -0.10  0.15   -99 -0.51  0.37  0.17  0.49  0.10
1984 10  0.07  0.81  1.63   -99   -99   -99   -99   -99   -99  7.21  3.92   -99   -99 12.44 12.91 12.13 -0.97   -99   -99   -99   -99   -99   -99 -1.11 -0.51   -99   -99 -1.08 -0.35  0.47
1984 11   -99   -99   -99   -99   -99   -99   -99   -99   -99   -99   -99   -99  8.51  9.88 10.05 10.36   -99   -99   -99   -99   -99   -99   -99   -99   -99   -99  0.55  0.57  0.52  1.02
1984 12   -99   -99   -99   -99   -99   -99   -99   -99   -99   -99   -99   -99   -99   -99  7.13   -99   -99   -99   -99   -99   -99   -99   -99   -99   -99   -99   -99   -99  1.25   -99
1985 03   -99   -99   -99   -99   -99   -99  0.05  0.61   -99   -99 -1.02   -99 -0.14  0.65  0.49  2.79   -99   -99   -99   -99 -1.01 -1.00   -99   -99 -0.53   -99 -0.73 -0.65 -0.42  0.48
1985 04   -99   -99   -99  3.40  1.37  2.15  0.86  2.16  1.04  0.86  0.95  0.75  1.36  1.58  1.55  3.41   -99  3.75  0.82 -1.75 -0.93 -0.26  0.12  0.88 -0.28  0.54  0.06 -0.57 -0.40  0.16
1985 05   -99  0.20 -0.03 -0.10  0.21   -99  2.07  2.60  1.57  2.45   -99  1.35  2.16  3.60  3.65  4.68 -0.32 -0.88 -1.49   -99 -1.49 -2.00 -1.54 -0.64   -99 -1.34 -1.52 -1.21 -1.24 -0.88
1985 06  0.59  1.20  1.13  2.30  3.75  5.79  6.03  6.83  5.35  6.86  7.47  6.16  6.50  7.76  8.01  8.06 -0.75 -1.03 -0.96 -1.72 -0.98 -1.47 -1.76 -1.48 -0.74 -1.46 -1.48 -1.40 -1.36 -0.60
1985 07  1.95  3.55  4.99  7.75  9.54 10.73 13.09 13.83 11.29 13.44  9.65 12.77 12.51 13.76 13.22 11.63 -0.31  0.08 -0.19 -0.55  0.10 -0.13 -1.27 -0.17 -1.04 -1.08 -1.47 -1.19 -1.02 -0.61
1985 08  2.97  5.15  6.87  9.86 10.80 11.37 13.42 14.55 14.09 15.07  9.78 16.68 15.62 16.50 15.30 13.26 -0.51 -0.53 -1.85 -1.64 -1.97 -2.31 -1.85 -0.35 -0.47 -0.54 -1.87 -1.48 -1.11 -0.43
1985 09  2.19  3.86  5.66  7.85 10.23 10.52 11.27 13.88 13.09 12.66  8.10 14.56 14.18 15.40 15.38 13.28  0.33 -0.66 -1.21 -2.07 -2.06 -1.54 -1.05  0.07  0.58 -0.19 -1.59 -1.34 -0.41  0.17
1985 10   -99  1.35  1.42  3.73   -99   -99   -99   -99   -99  8.46  4.73   -99   -99 13.38 13.42 11.90 -1.18 -1.28   -99   -99   -99   -99   -99  0.14  0.30   -99   -99 -0.14  0.16  0.24
1985 11   -99   -99  0.18   -99   -99   -99   -99   -99   -99  3.46  1.46   -99   -99   -99  8.73  9.14 -0.74   -99   -99   -99   -99   -99   -99 -0.87 -0.46   -99   -99   -99 -0.80 -0.20
1985 12   -99   -99   -99   -99   -99   -99   -99   -99   -99   -99   -99   -99   -99  4.49  4.86  6.29   -99   -99   -99   -99   -99   -99   -99   -99   -99   -99   -99 -1.19 -1.02 -0.49
1986 01   -99   -99   -99   -99   -99   -99   -99   -99   -99   -99   -99   -99   -99  2.36  2.35  4.11   -99   -99   -99   -99   -99   -99   -99   -99   -99   -99   -99 -0.58 -0.26  0.02
1986 02   -99   -99   -99   -99   -99   -99   -99   -99   -99   -99   -99   -99   -99  1.21  1.22  2.87   -99   -99   -99   -99   -99   -99   -99   -99   -99   -99   -99 -0.46 -0.01  0.18
1986 03   -99   -99   -99   -99   -99   -99   -99   -99  0.29   -99 -0.43   -99  0.36  1.11  0.96  2.81   -99   -99   -99   -99   -99   -99 -0.00   -99  0.06   -99 -0.23 -0.19  0.05  0.50
1986 04   -99   -99 -0.01  0.56  1.75  4.14  3.07  3.94  1.90  0.51  1.94  2.02  2.49  3.37  3.27  4.61  0.80  0.91  1.20  0.24  1.28  1.52  0.98  0.53  0.71  1.81  1.19  1.22  1.32  1.36
1986 05   -99  0.45  0.86  1.60  2.34   -99  3.55  5.53  3.68  3.45  4.83  3.25  3.96  4.64  5.50  6.37  0.57  0.82  0.64   -99 -0.01  0.93  0.57  0.36  0.35  0.56  0.28 -0.17  0.61  0.81
1986 06  0.07  1.38  2.10  3.67  5.02  8.71  7.31  7.83  6.39  7.12  6.51  7.19  7.26  7.97  8.03  8.12  0.22  0.34  0.31  1.20  0.30 -0.47 -0.72 -1.22 -1.70 -0.43 -0.72 -1.19 -1.34 -0.54
1986 07  2.72  2.78  3.99  7.14  8.49  9.48 11.49 11.82 10.87 12.05  9.36 12.46 11.92 12.98 12.82 11.37 -1.31 -0.53 -1.24 -1.80 -1.50 -2.14 -1.69 -1.56 -1.33 -1.39 -2.06 -1.97 -1.42 -0.87
1986 08  3.34  5.90  7.67 10.07 12.20 12.80 14.48 15.52 14.73 14.49  9.32 15.74 15.50 16.47 15.95 13.50  0.29 -0.32 -0.45 -0.21 -0.91 -1.34 -1.21 -0.93 -0.93 -1.48 -1.99 -1.51 -0.46 -0.19
1986 09  2.22  4.03  6.14  8.57 10.95 12.73 12.19 13.95 13.46 11.29  6.54 13.64 14.23 14.67 14.54 12.75  0.81  0.06 -0.49  0.14 -1.14 -1.47 -0.68 -1.30 -0.98 -1.11 -1.54 -2.07 -1.25 -0.36
1986 10   -99  1.30  1.57  4.33  6.58  8.44  7.93 10.51  9.11  7.38  4.02  9.36 10.45 11.75 11.76 11.01 -1.03 -0.68 -1.58 -1.88 -2.19 -1.90 -1.56 -0.94 -0.41 -1.40 -1.77 -1.77 -1.50 -0.65
1986 11   -99   -99   -99   -99   -99   -99   -99   -99   -99  3.26  0.95   -99   -99  8.35  8.97  9.02   -99   -99   -99   -99   -99   -99   -99 -1.07 -0.97   -99   -99 -0.96 -0.56 -0.32
1986 12   -99   -99   -99   -99   -99   -99   -99   -99  2.58  0.56   -99   -99   -99  4.64  5.31  6.50   -99   -99   -99   -99   -99   -99 -1.12 -1.00   -99   -99   -99 -1.04 -0.57 -0.28
1987 01   -99   -99   -99   -99   -99   -99   -99   -99   -99   -99   -99   -99   -99   -99  2.70  4.13   -99   -99   -99   -99   -99   -99   -99   -99   -99   -99   -99   -99  0.09  0.04
1987 02   -99   -99   -99   -99   -99   -99   -99   -99   -99   -99   -99   -99   -99  1.19  0.46  2.26   -99   -99   -99   -99   -99   -99   -99   -99   -99   -99   -99 -0.48 -0.77 -0.43
1987 03   -99   -99   -99   -99  0.41  3.83  1.14   -99  0.11   -99   -99 -0.50  0.24  1.00  0.26  1.29   -99   -99  0.09  0.16  0.08   -99 -0.18   -99   -99  0.03 -0.35 -0.30 -0.65 -1.02
1987 04   -99   -99   -99  0.11  1.17  4.73  2.52  2.70  1.25  0.70  2.19  0.77  1.74  2.54  2.13  2.44   -99  0.46  0.62  0.83  0.73  0.28  0.33  0.72  0.96  0.56  0.44  0.39  0.18 -0.81
1987 05   -99 -0.21 -0.16  0.69  2.06  6.14  4.40  4.89  2.90  3.15  4.24  2.63  3.33  4.03  4.32  4.85 -0.45 -0.09  0.36  0.86  0.84  0.29 -0.21  0.06 -0.24 -0.06 -0.35 -0.78 -0.57 -0.71
1987 06  0.23  1.38  2.10  3.60  4.64  7.40  5.72  7.93  7.16  8.74  7.49  7.26  7.23  8.54  9.20  8.13  0.22  0.27 -0.07 -0.11 -1.29 -0.37  0.05  0.40 -0.72 -0.36 -0.75 -0.62 -0.17 -0.53
1987 07  1.34  2.74  4.49  7.73 10.34 11.37 12.90 13.34 12.74 13.89 10.39 14.12 13.92 14.96 14.39 11.12 -0.81  0.06  0.61  0.09 -0.09 -0.62  0.18  0.28 -0.30  0.27 -0.06  0.01  0.15 -1.12
1987 08  2.92  4.58  5.83  9.64 12.22 12.44 13.53 15.73 15.92 14.91  9.63 17.43 17.30 17.68 15.47 12.82 -1.55 -0.75 -0.43 -0.57 -1.86 -1.13 -0.02 -0.51 -0.62  0.21 -0.19 -0.30 -0.94 -0.87
1987 09  2.40  4.59  5.60  8.17 11.21 11.30 11.79 14.65 14.38 12.25  6.74 15.07 15.91 16.19 14.61 12.36  0.27 -0.34 -0.23 -1.29 -1.54 -0.77  0.24 -0.34 -0.78  0.32  0.14 -0.55 -1.18 -0.75
1987 10   -99  1.96  2.64  4.88  8.51   -99 10.44 12.82 11.44  8.27  4.00 11.04 12.76 13.39 12.64 10.72  0.04 -0.13  0.35   -99  0.32  0.41  0.77 -0.05 -0.43  0.28  0.54 -0.13 -0.62 -0.94
1987 11   -99   -99  0.47  1.76   -99   -99   -99   -99  6.40  3.70  1.05  5.79   -99  9.39  9.44  8.74 -0.45 -0.41   -99   -99   -99   -99 -0.45 -0.63 -0.87 -0.79   -99  0.08 -0.09 -0.60
1987 12   -99   -99   -99   -99   -99   -99   -99   -99   -99   -99   -99   -99   -99   -99  5.58  6.19   -99   -99   -99   -99   -99   -99   -99   -99   -99   -99   -99   -99 -0.30 -0.59
1988 01   -99   -99   -99   -99   -99   -99   -99   -99   -99   -99   -99   -99  1.19  2.22  1.66  3.04   -99   -99   -99   -99   -99   -99   -99   -99   -99   -99 -0.80 -0.72 -0.95 -1.05
1988 02   -99   -99   -99   -99   -99   -99   -99   -99   -99   -99   -99   -99   -99  1.64  1.13  2.40   -99   -99   -99   -99   -99   -99   -99   -99   -99   -99   -99 -0.03 -0.10 -0.29
1988 03   -99   -99   -99   -99  0.76   -99  1.59  2.08  0.65   -99 -0.53   -99  0.75  1.17  0.76  2.30   -99   -99  0.44   -99  0.53  0.47  0.36   -99 -0.04   -99  0.16 -0.13 -0.15 -0.01
1988 04   -99 -1.18 -1.40 -0.70  0.59  4.06  1.79  2.42  1.20  0.09  1.49  0.06  1.35  2.03  1.54  2.76 -0.59 -0.35  0.04  0.16 -0.00  0.00  0.28  0.11  0.26 -0.15  0.05 -0.12 -0.41 -0.49
1988 05   -99  0.24  0.58  1.76  3.42  6.65  5.96  6.04  4.49  3.70  4.58  3.52  4.93  5.25  5.25  5.57  0.29  0.98  1.72  1.37  2.40  1.44  1.38  0.61  0.10  0.83  1.25  0.44  0.36  0.01
1988 06 -0.05  0.97  1.82  3.36  5.56  9.25  8.30  9.22  7.41  7.17  7.96  7.20  8.05  8.46  8.10  8.33 -0.06  0.03  0.85  1.74  1.29  0.92  0.30 -1.17 -0.25 -0.42  0.07 -0.70 -1.27 -0.33
1988 07  1.44  3.92  5.25  8.14 10.66 11.91 14.25 14.96 12.55 13.25 11.20 12.66 13.43 14.38 13.46 12.00 -0.05  0.47  0.93  0.63  1.26  1.00 -0.01 -0.36  0.51 -1.19 -0.55 -0.57 -0.78 -0.24
1988 08  2.62  4.72  6.59  9.87 12.41 12.61 15.33 16.88 15.59 15.55 10.76 16.56 17.22 17.49 15.70 13.38 -0.79 -0.52 -0.24 -0.40 -0.06  0.02 -0.35  0.13  0.51 -0.66 -0.27 -0.49 -0.71 -0.31
1988 09   -99  3.18  5.06  8.35 11.40 11.92 13.41 15.30 13.96 11.73  6.11 13.88 14.82 15.62 13.88 12.00 -0.27 -0.16 -0.04 -0.67  0.08 -0.12 -0.18 -0.86 -1.41 -0.87 -0.95 -1.12 -1.91 -1.11
1988 10  1.03  2.01  2.78  5.29  8.58 10.84 10.76 12.60 10.26  7.57  3.41 10.01 10.91 12.17 11.21 10.69  0.18  0.28  0.42  0.52  0.64  0.19 -0.41 -0.75 -1.02 -0.75 -1.31 -1.35 -2.05 -0.97
1988 11   -99   -99   -99   -99   -99   -99  6.93  9.23  6.53  3.82  1.52   -99  7.15  8.45  8.13  8.33   -99   -99   -99   -99  0.22  0.39 -0.32 -0.51 -0.40   -99 -0.81 -0.86 -1.40 -1.01
1988 12   -99   -99   -99   -99   -99   -99   -99   -99   -99   -99   -99   -99   -99  3.83  3.95  5.43   -99   -99   -99   -99   -99   -99   -99   -99   -99   -99   -99 -1.85 -1.93 -1.35
1989 01   -99   -99   -99   -99   -99   -99   -99   -99   -99   -99   -99   -99   -99   -99  1.41  2.96   -99   -99   -99   -99   -99   -99   -99   -99   -99   -99   -99   -99 -1.20 -1.13
1989 03   -99   -99   -99   -99 -0.31   -99   -99  1.40 -0.22   -99 -0.36   -99 -0.08  0.64  1.02  1.55   -99   -99 -0.63   -99   -99 -0.21 -0.51   -99  0.13   -99 -0.67 -0.66  0.11 -0.76
1989 04   -99   -99 -0.98 -0.46  0.06  3.30  1.17  1.85  0.31 -0.06  1.69 -0.35  0.51  0.93  1.13  2.50 -0.17 -0.11 -0.49 -0.60 -0.62 -0.57 -0.61 -0.04  0.46 -0.56 -0.79 -1.22 -0.82 -0.75
1989 05   -99  0.31  0.27  0.97  0.75  3.84  2.82  3.85  2.26  2.37  3.17  1.89  3.17  4.46  4.52  4.89 -0.02  0.19 -0.95 -1.44 -0.74 -0.75 -0.85 -0.72 -1.31 -0.80 -0.51 -0.35 -0.37 -0.67
1989 06  0.73   -99  1.67  3.26  6.03  8.12  6.74  9.43  7.45  8.71  7.80  7.71  8.17  9.50  9.87  8.50 -0.21 -0.07  1.32  0.61 -0.27  1.13  0.34  0.37 -0.41  0.09  0.19  0.34  0.50 -0.16
1989 07  1.83  3.19  4.33  7.87  9.58 10.15 12.62 13.74 12.69 13.67 10.39 13.45 14.04 14.17 14.52 11.61 -0.97  0.20 -0.15 -1.13 -0.37 -0.22  0.13  0.06 -0.30 -0.40  0.06 -0.78  0.28 -0.63
1989 08  2.26  4.10  5.37 10.01 13.41 13.08 16.13 17.81 15.73 14.61  8.19 17.37 17.79 18.20 16.11 13.77 -2.01 -0.38  0.76  0.07  0.74  0.95 -0.21 -0.81 -2.06  0.15  0.30  0.22 -0.30  0.08
1989 09  1.44  2.64  3.41  7.03 11.94 13.01 14.81 16.45 13.14 11.24  6.40 13.64 15.57 16.27 14.87 12.75 -1.92 -1.48  0.50  0.42  1.48  1.03 -1.00 -1.35 -1.12 -1.11 -0.20 -0.47 -0.92 -0.36
1989 10   -99  1.33  1.75  3.36  6.80   -99 10.01 12.29  8.91  6.54  2.66  9.12 11.24 12.84 12.15 10.74 -0.85 -1.65 -1.36   -99 -0.11 -0.12 -1.76 -1.78 -1.77 -1.64 -0.98 -0.68 -1.11 -0.92
1989 11   -99  0.10  0.51  0.90  3.63   -99  6.55  9.46  6.20  3.24   -99   -99  7.77  9.58  9.60  8.99 -0.41 -1.27 -1.23   -99 -0.16  0.62 -0.65 -1.09   -99   -99 -0.19  0.27  0.07 -0.35
1989 12   -99   -99   -99   -99   -99   -99   -99   -99   -99   -99   -99   -99   -99   -99  4.05   -99   -99   -99   -99   -99   -99   -99   -99   -99   -99   -99   -99   -99 -1.83   -99
1990 01   -99   -99   -99   -99   -99   -99   -99   -99   -99   -99   -99   -99  1.05  1.76  1.36  3.11   -99   -99   -99   -99   -99   -99   -99   -99   -99   -99 -0.94 -1.18 -1.25 -0.98
1990 02   -99   -99   -99   -99   -99   -99   -99   -99   -99   -99   -99   -99   -99   -99  0.86  1.93   -99   -99   -99   -99   -99   -99   -99   -99   -99   -99   -99   -99 -0.37 -0.76
1990 03   -99   -99   -99   -99 -0.51   -99 -0.14  0.33 -0.45 -1.24 -0.27 -0.81  0.03  1.22  0.96  1.76   -99   -99 -0.83   -99 -1.20 -1.28 -0.74 -0.21  0.22 -0.28 -0.56 -0.08  0.05 -0.55
1990 04   -99   -99   -99 -0.79  0.03   -99  0.88  1.39 -0.15 -0.30  1.05 -0.25  0.40  1.34  1.56  2.84   -99 -0.44 -0.52   -99 -0.91 -1.03 -1.07 -0.28 -0.18 -0.46 -0.90 -0.81 -0.39 -0.41
1990 05 -0.34 -0.02   -99  0.18  0.54  3.95  1.94  2.92  1.56  1.82  3.75  0.99  1.76  3.02  3.48  4.79   -99 -0.60 -1.16 -1.33 -1.62 -1.68 -1.55 -1.27 -0.73 -1.70 -1.92 -1.79 -1.41 -0.77
1990 06  0.11  1.23  0.98  1.79  2.47   -99  5.11  6.65  5.34  6.86  7.10  6.03  6.07  7.66  8.26  7.83 -0.90 -1.54 -2.24   -99 -1.90 -1.65 -1.77 -1.48 -1.11 -1.59 -1.91 -1.50 -1.11 -0.83
1990 07  1.23  3.20  3.45  5.82  8.05  9.28 11.33 12.74 11.50 12.37  9.02 12.95 12.03 13.46 13.50 12.06 -1.85 -1.85 -1.68 -2.00 -1.66 -1.22 -1.06 -1.24 -1.67 -0.90 -1.95 -1.49 -0.74 -0.18
1990 08  3.02  5.47  6.45  9.73 13.24 13.28 15.05 16.95 15.72 15.00  9.92 16.85 17.03 17.92 17.89 14.47 -0.93 -0.66  0.59  0.27 -0.34  0.09 -0.22 -0.42 -0.33 -0.37 -0.46 -0.06  1.48  0.78
1990 09  1.69  2.77  4.22  8.03 11.92 13.80 13.64 16.22 14.68 12.29  7.16 15.10 16.21 16.97 17.11 13.64 -1.11 -0.48  0.48  1.21  0.31  0.80  0.54 -0.30 -0.36  0.35  0.44  0.23  1.32  0.53
1990 10   -99  1.83  2.11  4.99  8.87   -99 10.78 13.23 11.84  8.23  3.66 11.04 12.96 13.82 13.45 11.75 -0.49 -0.02  0.71   -99  0.66  0.82  1.17 -0.09 -0.77  0.28  0.74  0.30  0.19  0.09
1990 11   -99   -99   -99   -99   -99   -99   -99  6.62  5.23   -99  1.62   -99  6.16  7.90  8.33  8.19   -99   -99   -99   -99   -99 -2.22 -1.62   -99 -0.30   -99 -1.80 -1.41 -1.20 -1.15
1990 12   -99   -99   -99   -99   -99   -99   -99   -99   -99   -99   -99  1.96   -99  4.13  4.38  5.57   -99   -99   -99   -99   -99   -99   -99   -99   -99 -1.26   -99 -1.55 -1.50 -1.21
1991 01   -99   -99   -99   -99   -99   -99   -99   -99   -99   -99   -99   -99   -99  1.93  1.93  3.19   -99   -99   -99   -99   -99   -99   -99   -99   -99   -99   -99 -1.01 -0.68 -0.90
1991 02   -99   -99   -99   -99   -99   -99   -99   -99   -99   -99   -99   -99  0.75  1.57  1.19  1.85   -99   -99   -99   -99   -99   -99   -99   -99   -99   -99 -0.29 -0.10 -0.04 -0.84
1991 03   -99   -99   -99   -99   -99   -99   -99   -99  0.19 -1.17 -0.59 -0.75  0.50  1.29  1.22  1.64   -99   -99   -99   -99   -99   -99 -0.10 -0.14 -0.10 -0.22 -0.09 -0.01  0.31 -0.67
1991 04   -99   -99   -99 -0.68 -0.12   -99  1.10  1.34  0.42 -0.22  1.04 -0.27  0.84  1.36  1.19  2.55   -99 -0.33 -0.67   -99 -0.69 -1.08 -0.50 -0.20 -0.19 -0.48 -0.46 -0.79 -0.76 -0.70
1991 05   -99 -0.33   -99 -0.26  0.30  3.71  2.07  2.77  1.77  2.04  4.20  1.24  2.39  3.86  3.84  4.99   -99 -1.04 -1.40 -1.57 -1.49 -1.83 -1.34 -1.05 -0.28 -1.45 -1.29 -0.95 -1.05 -0.57
1991 06  0.37  0.83  0.69  1.62  2.66  5.06  4.42  5.43  5.14  7.79  7.90  6.28  6.23  8.15  8.65  8.55 -1.19 -1.71 -2.05 -2.45 -2.59 -2.87 -1.97 -0.55 -0.31 -1.34 -1.75 -1.01 -0.72 -0.11
1991 07  1.79  2.75   -99  4.78  7.27  8.56 10.82 11.22 11.10 12.22  8.97 12.63 13.41 14.68 13.28 11.58   -99 -2.89 -2.46 -2.72 -2.17 -2.74 -1.46 -1.39 -1.72 -1.22 -0.57 -0.27 -0.96 -0.66
1991 08  2.76  4.22  5.30  7.87 10.18 10.70 13.40 14.67 14.11 14.47 10.02 16.00 16.29 17.31 16.10 13.08 -2.08 -2.52 -2.47 -2.31 -1.99 -2.19 -1.83 -0.95 -0.23 -1.22 -1.20 -0.67 -0.31 -0.61
1991 09  2.07  3.21  3.76  7.00  9.84 11.50 13.02 15.10 13.09 11.85  6.25 13.82 15.20 16.30 14.84 12.49 -1.57 -1.51 -1.60 -1.09 -0.31 -0.32 -1.05 -0.74 -1.27 -0.93 -0.57 -0.44 -0.95 -0.62
1991 10   -99  1.73  2.11  4.53  7.81  9.90  9.38 12.18 10.36  8.33  3.77 11.20 12.14 13.64 13.22 11.63 -0.49 -0.48 -0.35 -0.42 -0.74 -0.23 -0.31  0.01 -0.66  0.44 -0.08  0.12 -0.04 -0.03
1991 11   -99  0.54  1.05  1.86   -99   -99  5.63   -99  6.32  4.81  1.90  6.14  7.02  8.88  9.00  9.18  0.13 -0.31   -99   -99 -1.08   -99 -0.53  0.48 -0.02 -0.44 -0.94 -0.43 -0.53 -0.16
1991 12   -99   -99   -99   -99   -99   -99   -99   -99   -99   -99   -99   -99   -99   -99  4.91  6.36   -99   -99   -99   -99   -99   -99   -99   -99   -99   -99   -99   -99 -0.97 -0.42
1992 01   -99   -99   -99   -99   -99   -99   -99   -99   -99   -99   -99   -99   -99   -99  1.49  3.02   -99   -99   -99   -99   -99   -99   -99   -99   -99   -99   -99   -99 -1.12 -1.07
1992 02   -99   -99   -99   -99   -99   -99   -99   -99   -99   -99   -99   -99   -99   -99   -99  1.40   -99   -99   -99   -99   -99   -99   -99   -99   -99   -99   -99   -99   -99 -1.29
1992 03   -99   -99   -99   -99   -99   -99   -99   -99   -99   -99   -99   -99  0.27  0.51 -0.22  1.38   -99   -99   -99   -99   -99   -99   -99   -99   -99   -99 -0.32 -0.79 -1.13 -0.93
1992 04   -99   -99   -99 -1.01 -0.21   -99   -99  1.47  0.10 -0.33  0.77 -0.74  0.58  1.03  0.80  1.81   -99 -0.66 -0.76   -99   -99 -0.95 -0.82 -0.31 -0.46 -0.95 -0.72 -1.12 -1.15 -1.44
1992 05   -99  0.15 -0.21  0.26  1.37  3.48  2.25  2.99  2.23  1.90  3.70  1.19  2.52  3.78  3.57  4.00 -0.50 -0.52 -0.33 -1.80 -1.31 -1.61 -0.88 -1.19 -0.78 -1.50 -1.16 -1.03 -1.32 -1.56
1992 06   -99   -99   -99  2.58  3.82  7.51  6.31  7.28  6.38  7.51  7.61  6.49  7.03  8.69  8.21  7.11   -99 -0.75 -0.89 -0.00 -0.70 -1.02 -0.73 -0.83 -0.60 -1.13 -0.95 -0.47 -1.16 -1.55
1992 07  0.41  2.32  3.21  4.82  6.99   -99  8.77 10.83 10.03 11.39  9.27 10.94 11.62 12.96 12.82 10.09 -2.09 -2.85 -2.74   -99 -4.22 -3.13 -2.53 -2.22 -1.42 -2.91 -2.36 -1.99 -1.42 -2.15
1992 08  1.72  3.78  5.32  8.02  9.86  9.65 13.29 15.55 14.32 13.77  8.53 15.79 16.52 17.28 15.40 12.36 -2.06 -2.37 -2.79 -3.36 -2.10 -1.31 -1.62 -1.65 -1.72 -1.43 -0.97 -0.70 -1.01 -1.33
1992 09  1.05  2.81  4.33  7.75 10.27 11.72 12.72 15.94 15.06 12.74  7.16 15.71 16.98 17.42 14.97 12.20 -1.00 -0.76 -1.17 -0.87 -0.61  0.52  0.92  0.15 -0.36  0.96  1.21  0.68 -0.82 -0.91
1992 10   -99  1.12  1.87  4.26  6.72  9.62  8.60 11.29  9.66  7.41  3.18  9.88 11.83 13.75 12.78 10.24 -0.73 -0.75 -1.44 -0.70 -1.52 -1.12 -1.01 -0.91 -1.25 -0.88 -0.39  0.23 -0.48 -1.42
1992 11   -99   -99  0.51   -99   -99   -99   -99   -99   -99  3.27  1.28   -99   -99  8.74  9.56  8.62 -0.41   -99   -99   -99   -99   -99   -99 -1.06 -0.64   -99   -99 -0.57  0.03 -0.72
1992 12   -99   -99   -99   -99   -99   -99   -99   -99   -99   -99   -99  2.57   -99  5.05  5.50  6.04   -99   -99   -99   -99   -99   -99   -99   -99   -99 -0.65   -99 -0.63 -0.38 -0.74
1993 01   -99   -99   -99   -99   -99   -99   -99   -99   -99   -99   -99   -99   -99   -99  2.28  3.83   -99   -99   -99   -99   -99   -99   -99   -99   -99   -99   -99   -99 -0.33 -0.26
1993 02   -99   -99   -99   -99   -99   -99   -99   -99   -99   -99   -99   -99   -99   -99  0.78  2.01   -99   -99   -99   -99   -99   -99   -99   -99   -99   -99   -99   -99 -0.45 -0.68
1993 03   -99   -99   -99   -99 -0.12   -99   -99  1.42  0.26   -99 -0.24 -0.50  1.16  1.69  0.71  1.46   -99   -99 -0.44   -99   -99 -0.19 -0.03   -99  0.25  0.03  0.57  0.39 -0.20 -0.85
1993 04   -99   -99   -99 -0.71  0.78  2.30  1.78  1.90  1.32  0.09  1.63  0.31  1.30  2.51  1.29  2.44   -99 -0.36  0.23 -1.60 -0.01 -0.52  0.40  0.11  0.40  0.10  0.00  0.36 -0.66 -0.81
1993 05   -99   -99   -99   -99   -99  4.88  3.80  4.35  2.70  2.52  4.60  2.04  3.44  5.03  4.69  4.69   -99   -99   -99 -0.40  0.24 -0.25 -0.41 -0.57  0.12 -0.65 -0.24  0.22 -0.20 -0.87
1993 06  0.44  1.32  1.13  2.00  3.70   -99  5.86  7.56  6.85  8.11  9.04  6.87  7.89  8.54  8.24  7.70 -0.75 -1.33 -1.01   -99 -1.15 -0.74 -0.26 -0.23  0.83 -0.75 -0.09 -0.62 -1.13 -0.96
1993 07  2.19  4.05  4.56  6.05  7.36   -99  9.64 11.56 11.64 12.74 12.43 12.15 12.83 14.07 14.21 11.98 -0.74 -1.62 -2.37   -99 -3.35 -2.40 -0.92 -0.87  1.74 -1.70 -1.15 -0.88 -0.03 -0.26
1993 08  3.25  6.60  8.77  9.90 11.46 13.34 14.69 15.84 15.48 15.77 11.92 16.52 16.79 17.65 17.58 14.05  1.39 -0.49 -1.19  0.33 -0.70 -1.02 -0.46  0.35  1.67 -0.70 -0.70 -0.33  1.17  0.36
1993 09  2.42  4.08  5.23  7.78 10.54 12.00 12.51 15.51 14.63 12.57  7.87 15.14 16.38 17.99 17.34 13.81 -0.10 -0.73 -0.90 -0.59 -0.82  0.09  0.49 -0.02  0.35  0.39  0.61  1.25  1.55  0.70
1993 10  1.26  2.00  3.01  5.49  8.66  9.99  9.72 13.07 11.56  7.88  3.39 11.69 13.28 14.66 13.19 11.92  0.41  0.48  0.50 -0.33 -0.40  0.66  0.89 -0.44 -1.04  0.93  1.06  1.14 -0.07  0.26
1993 11   -99   -99  0.84  2.16  4.98  7.59  5.63  8.41  7.14  3.94  1.53  6.58  8.30 10.12 10.06  9.99 -0.08 -0.01  0.12 -0.71 -1.08 -0.43  0.29 -0.39 -0.39 -0.00  0.34  0.81  0.53  0.65
1993 12   -99   -99   -99   -99  2.02  5.34  3.34  4.75  3.96   -99   -99  3.25  4.56  6.55  7.13  7.56   -99   -99 -0.09 -0.82 -0.48 -0.62  0.26   -99   -99  0.03 -0.01  0.87  1.25  0.78
1994 02   -99   -99   -99   -99   -99   -99   -99   -99   -99   -99   -99   -99   -99  2.31  0.57  3.20   -99   -99   -99   -99   -99   -99   -99   -99   -99   -99   -99  0.64 -0.66  0.51
1994 03   -99   -99   -99   -99 -0.05   -99   -99   -99  0.09   -99   -99   -99  0.23  1.09  0.36  2.60   -99   -99 -0.37   -99   -99   -99 -0.20   -99   -99   -99 -0.36 -0.21 -0.55  0.29
1994 04   -99   -99   -99   -99  0.45  2.71  1.39  2.11  0.74 -0.44  0.72 -0.18  1.48  2.95  2.70  4.15   -99   -99 -0.10 -1.19 -0.40 -0.31 -0.18 -0.42 -0.51 -0.39  0.18  0.80  0.75  0.90
1994 05 -0.82  0.08  0.12  0.44  0.99  3.87  3.71  4.35  2.93  2.89  5.19  2.67  3.64  5.27  5.82  6.97 -0.17 -0.34 -0.71 -1.41  0.15 -0.25 -0.18 -0.20  0.71 -0.02 -0.04  0.46  0.93  1.41
1994 06  0.67  1.55  2.37  3.63  4.96  6.96  8.22  9.39  7.90  8.38  8.85  8.30  9.04 10.67 10.76 10.68  0.49  0.30  0.25 -0.55  1.21  1.09  0.79  0.04  0.64  0.68  1.06  1.51  1.39  2.02
1994 07  1.64  4.43  6.03  7.78 10.03 11.33 13.94 16.00 14.40 14.77 11.44 15.97 16.53 17.70 16.72 14.75  0.73  0.11  0.30  0.05  0.95  2.04  1.84  1.16  0.75  2.12  2.55  2.75  2.48  2.51
1994 08  2.88  5.87  7.99 11.68 14.64 13.35 17.74 19.78 17.92 15.60 10.18 18.79 19.89 19.91 17.32 14.94  0.61  1.29  1.99  0.34  2.35  2.92  1.98  0.18 -0.07  1.57  2.40  1.93  0.91  1.25
1994 09  2.39  4.09  5.45  9.34 13.32 14.03 15.49 17.48 15.41 12.77  7.63 15.54 16.90 17.46 15.76 13.69  0.12  0.83  1.88  1.44  2.16  2.06  1.27  0.18  0.11  0.79  1.13  0.72 -0.03  0.58
1994 10   -99  2.63  3.57  6.11  9.06   -99 10.76 13.01 11.26  9.16  5.92 11.02 12.08 13.53 13.86 12.65  0.97  1.10  0.90   -99  0.64  0.60  0.59  0.84  1.49  0.26 -0.14  0.01  0.60  0.99
1994 11   -99   -99   -99   -99   -99   -99   -99   -99  6.57  5.14  3.48  6.58  7.49  9.50 10.01 10.60   -99   -99   -99   -99   -99   -99 -0.28  0.81  1.56 -0.00 -0.47  0.19  0.48  1.26
1994 12   -99   -99   -99   -99   -99   -99   -99   -99   -99   -99   -99   -99   -99  6.16  5.85  7.56   -99   -99   -99   -99   -99   -99   -99   -99   -99   -99   -99  0.48 -0.03  0.78
1995 01   -99   -99   -99   -99   -99   -99   -99   -99   -99   -99   -99   -99   -99  3.28  3.23  4.26   -99   -99   -99   -99   -99   -99   -99   -99   -99   -99   -99  0.34  0.62  0.17
1995 02   -99   -99   -99   -99   -99   -99   -99   -99   -99   -99   -99   -99   -99   -99  1.16  2.62   -99   -99   -99   -99   -99   -99   -99   -99   -99   -99   -99   -99 -0.07 -0.07
1995 03   -99   -99   -99   -99   -99  3.06  0.72  1.74   -99   -99   -99   -99   -99   -99  0.95  2.68   -99   -99   -99 -0.61 -0.34  0.13   -99   -99   -99   -99   -99   -99  0.04  0.37
1995 04   -99   -99   -99   -99   -99  3.43  1.33  2.55  0.58   -99   -99   -99  0.89  1.66  1.74  3.38   -99   -99   -99 -0.47 -0.46  0.13 -0.34   -99   -99   -99 -0.41 -0.49 -0.21  0.13
1995 05   -99   -99   -99  1.04  1.45  5.24  2.41  3.58  2.69  3.56  5.29  2.66  3.53  4.59  4.33  5.43   -99  0.26 -0.25 -0.04 -1.15 -1.02 -0.42  0.47  0.81 -0.03 -0.15 -0.22 -0.56 -0.13
1995 06  0.14  1.15  1.32  2.87  4.23  7.78  5.59  7.53  7.17  9.23  8.46  7.94  8.16  8.84  9.03  8.61 -0.56 -0.46 -0.48  0.27 -1.42 -0.77  0.06  0.89  0.25  0.32  0.18 -0.32 -0.34 -0.05
1995 07  2.03  4.38  5.34  6.94  8.85 10.19 11.85 13.30 12.42 14.65 11.90 14.17 14.10 15.20 14.50 12.64  0.04 -0.73 -0.88 -1.09 -1.14 -0.66 -0.14  1.04  1.21  0.32  0.12  0.25  0.26  0.40
1995 08  2.76  5.65  7.49  9.63 11.33 10.73 12.66 14.83 15.81 16.00 10.81 17.58 17.77 18.33 17.69 13.71  0.11 -0.76 -1.32 -2.28 -2.73 -2.03 -0.13  0.58  0.56  0.36  0.28  0.35  1.28  0.02
1995 09  2.22  4.13  5.45  8.18 10.09 10.94 11.42 13.22 12.96 12.08  7.03 13.55 14.53 16.21 16.57 13.46  0.12 -0.33 -1.35 -1.65 -1.91 -2.20 -1.18 -0.51 -0.49 -1.20 -1.24 -0.53  0.78  0.35
1995 10  0.82  1.94  2.95  5.58  8.63 10.72  9.78 12.21 11.33  9.27  4.86 11.58 12.82 14.55 14.94 12.94  0.35  0.57  0.47  0.40 -0.34 -0.20  0.66  0.95  0.43  0.82  0.60  1.03  1.68  1.28
1995 11   -99  0.35  0.89  2.01  4.88  8.22  6.09  8.86  7.75  5.13  1.62  7.53  9.07 10.72 10.84 10.21 -0.03 -0.16  0.02 -0.08 -0.62  0.02  0.90  0.80 -0.30  0.95  1.11  1.41  1.31  0.87
1995 12   -99   -99   -99   -99   -99  6.06  3.34  5.33  3.93   -99   -99   -99   -99  6.33  6.86  7.19   -99   -99   -99 -0.10 -0.48 -0.04  0.23   -99   -99   -99   -99  0.65  0.98  0.41
1996 01   -99   -99   -99   -99   -99  4.62  1.75  2.52  1.16   -99   -99   -99  1.96  2.67  2.60  3.97   -99   -99   -99  0.28 -0.42 -0.63 -0.42   -99   -99   -99 -0.03 -0.27 -0.01 -0.12
1996 02   -99   -99   -99   -99   -99  4.04  1.14  2.04   -99   -99   -99   -99  0.97  1.80  1.01  2.54   -99   -99   -99  0.24 -0.44 -0.05   -99   -99   -99   -99 -0.07  0.13 -0.22 -0.15
1996 03   -99   -99   -99   -99  0.43  3.60  0.93  2.23  0.43   -99 -0.94   -99  0.84  1.58  0.86  2.42   -99   -99  0.11 -0.07 -0.13  0.62  0.14   -99 -0.45   -99  0.25  0.28 -0.05  0.11
1996 04   -99   -99   -99 -0.41  0.30  3.94  1.09  2.08  0.88 -0.20  0.49 -0.13  1.31  2.08  1.64  3.15   -99 -0.06 -0.25  0.04 -0.70 -0.34 -0.04 -0.18 -0.74 -0.34  0.01 -0.07 -0.31 -0.10
1996 05   -99   -99  0.01  0.84  1.93  5.91  3.53  4.58  3.22  3.02  4.72  2.68  3.96  5.39  5.10  5.89 -0.28  0.06  0.23  0.63 -0.03 -0.02  0.11 -0.07  0.24 -0.01  0.28  0.58  0.21  0.33
1996 06   -99   -99  1.05  2.96  4.42  7.54  6.73  8.89  7.43  9.37  8.93  8.24  8.76  9.98  9.58  8.76 -0.83 -0.37 -0.29  0.03 -0.28  0.59  0.32  1.03  0.72  0.62  0.78  0.82  0.21  0.10
1996 07  2.11  3.81  4.02  6.71  9.34 11.38 12.70 14.67 12.45 13.33 10.82 13.65 13.43 14.32 12.79 11.61 -1.28 -0.96 -0.39  0.10 -0.29  0.71 -0.11 -0.28  0.13 -0.20 -0.55 -0.63 -1.45 -0.63
1996 08  3.10  6.11  7.76 10.74 12.84 13.48 16.01 17.76 16.60 16.37 10.87 18.05 17.84 18.33 16.90 13.24  0.38  0.35  0.19  0.47  0.62  0.90  0.66  0.95  0.62  0.83  0.35  0.35  0.49 -0.45
1996 09  1.87  3.56  3.97  8.44 11.76 13.07 13.15 15.75 14.37 13.66  8.86 14.75 14.96 15.91 16.34 13.01 -1.36 -0.07  0.32  0.48 -0.18  0.33  0.23  1.07  1.34  0.00 -0.81 -0.83  0.55 -0.10
1996 10  0.61  1.70  1.69  3.80  7.20 10.07  9.07 11.71 10.08  8.44  4.22 10.59 10.52 11.81 12.67 11.49 -0.91 -1.21 -0.96 -0.25 -1.05 -0.70 -0.59  0.12 -0.21 -0.17 -1.70 -1.71 -0.59 -0.17
1996 11   -99   -99  0.53  1.71  4.62  8.64  6.50  9.62  7.08  4.54  1.62  6.76  7.50  8.51  8.79  8.74 -0.39 -0.46 -0.24  0.34 -0.21  0.78  0.23  0.21 -0.30  0.18 -0.46 -0.80 -0.74 -0.60
1996 12   -99   -99   -99   -99  2.67  7.55  4.42  5.84  4.25   -99   -99  3.90  4.77  6.33  6.18  6.63   -99   -99  0.56  1.39  0.60  0.47  0.55   -99   -99  0.68  0.20  0.65  0.30 -0.15
1997 01   -99   -99   -99   -99   -99   -99  2.26   -99   -99   -99   -99   -99  2.56  3.18  2.98  4.70   -99   -99   -99   -99  0.09   -99   -99   -99   -99   -99  0.57  0.24  0.37  0.61
1997 02   -99   -99   -99   -99   -99   -99   -99   -99   -99   -99   -99   -99   -99  1.68  1.14  3.07   -99   -99   -99   -99   -99   -99   -99   -99   -99   -99   -99  0.01 -0.09  0.38
1997 03   -99   -99   -99   -99   -99   -99  0.34  0.86 -0.08   -99   -99   -99  0.21  0.81  0.96  2.71   -99   -99   -99   -99 -0.72 -0.75 -0.37   -99   -99   -99 -0.38 -0.49  0.05  0.40
1997 04   -99   -99   -99   -99   -99  3.66  1.11  0.99 -0.09 -0.83  0.36 -1.07  0.20  1.67  1.25  3.11   -99   -99   -99 -0.24 -0.68 -1.43 -1.01 -0.81 -0.87 -1.28 -1.10 -0.48 -0.70 -0.14
1997 05   -99   -99  0.08  0.31  0.74  5.36  2.59  2.92  1.58  1.89  4.09  1.31  2.47  3.83  3.63  5.66 -0.21 -0.47 -0.96  0.08 -0.97 -1.68 -1.53 -1.20 -0.39 -1.38 -1.21 -0.98 -1.26  0.10
1997 06  0.23  1.39  1.83  3.21  4.26  7.65  6.33  7.19  6.38  7.93  8.41  6.74  7.08  8.47  8.92  8.70 -0.05 -0.12 -0.45  0.14 -0.68 -1.11 -0.73 -0.41  0.20 -0.88 -0.90 -0.69 -0.45  0.04
1997 07  1.55  3.43  4.81  7.65  8.81 10.87 11.34 12.39 11.84 13.49 10.16 13.40 13.27 14.51 14.40 12.59 -0.49 -0.02 -0.92 -0.41 -1.65 -1.57 -0.72 -0.12 -0.53 -0.45 -0.71 -0.44  0.16  0.35
1997 08  3.25  5.49  6.96  9.87 12.15 13.13 15.53 16.80 15.35 15.19  9.55 16.66 16.83 17.39 15.62 13.80 -0.42 -0.52 -0.50  0.12  0.14 -0.06 -0.59 -0.23 -0.70 -0.56 -0.66 -0.59 -0.79  0.11
1997 09  1.99  4.44  6.05  8.78 11.60 13.11 13.16 15.16 13.87 13.12  8.26 14.73 15.80 17.10 16.42 13.49  0.72  0.27  0.16  0.52 -0.17 -0.26 -0.27  0.53  0.74 -0.02  0.03  0.36  0.63  0.38
1997 10  0.89  1.93  2.69  5.39  8.20 10.66  9.53 11.71 10.68  8.56  4.78 10.34 11.54 12.91 12.74 11.39  0.09  0.38  0.04  0.34 -0.59 -0.70  0.01  0.24  0.35 -0.42 -0.68 -0.61 -0.52 -0.27
1997 11   -99   -99  1.01  2.30  4.77  8.54  5.71  7.64  6.87  4.40  1.86  6.51  7.51  8.92  9.98  9.62  0.09  0.13 -0.09  0.24 -1.00 -1.20  0.02  0.07 -0.06 -0.07 -0.45 -0.39  0.45  0.28
1997 12   -99   -99   -99   -99  1.25   -99  2.83  3.91  3.06   -99 -0.57  2.93  3.55  4.55  5.18  6.53   -99   -99 -0.86   -99 -0.99 -1.46 -0.64   -99 -0.59 -0.29 -1.02 -1.13 -0.70 -0.25
1998 01   -99   -99   -99   -99   -99  3.96  1.54   -99   -99   -99   -99   -99  1.51  2.13  2.29  3.75   -99   -99   -99 -0.38 -0.63   -99   -99   -99   -99   -99 -0.48 -0.81 -0.32 -0.34
1998 02   -99   -99   -99   -99   -99  3.65   -99   -99   -99   -99   -99   -99   -99  1.17  1.13  2.60   -99   -99   -99 -0.15   -99   -99   -99   -99   -99   -99   -99 -0.50 -0.10 -0.09
1998 03   -99   -99   -99   -99  0.30  4.13  0.97  1.50  0.80   -99 -0.91 -0.22  0.64  0.97  0.76  2.40   -99   -99 -0.02  0.46 -0.09 -0.11  0.51   -99 -0.42  0.31  0.05 -0.33 -0.15  0.09
1998 04   -99   -99   -99 -1.08  0.39  4.30  1.59  2.85  1.25  0.01  1.70  0.29  1.74  2.04  1.90  3.45   -99 -0.73 -0.16  0.40 -0.20  0.43  0.33  0.03  0.47  0.08  0.44 -0.11 -0.05  0.20
1998 05   -99   -99  0.61  1.11  2.09  6.53  4.81  6.16  4.36  4.67  5.39  4.00  5.01  5.92  5.51  6.11  0.32  0.33  0.39  1.25  1.25  1.56  1.25  1.58  0.91  1.31  1.33  1.11  0.62  0.55
1998 06  0.86  1.86  2.19  4.50  6.35  8.92  8.88  9.73  8.85  9.40  9.39  9.17  9.67 10.31 10.17  9.23  0.31  1.17  1.64  1.41  1.87  1.43  1.74  1.06  1.18  1.55  1.69  1.15  0.80  0.57
1998 07  2.82  5.34  6.11  9.26 10.74 12.40 14.07 14.10 13.18 14.30 10.39 14.68 13.93 15.24 14.97 11.98  0.81  1.59  1.01  1.12  1.08  0.14  0.62  0.69 -0.30  0.83 -0.05  0.29  0.73 -0.26
1998 08  3.39  6.41  8.65 11.94 14.49 15.15 17.17 18.33 17.25 15.30  8.97 18.08 18.84 19.27 16.86 13.87  1.27  1.55  1.84  2.14  1.78  1.47  1.31 -0.12 -1.28  0.86  1.35  1.29  0.45  0.18
1998 09  2.63  5.05  6.41  8.85 11.63 12.83 12.79 15.07 14.37 13.09  9.04 15.33 16.61 17.24 15.41 12.78  1.08  0.34  0.19  0.24 -0.54 -0.35  0.23  0.50  1.52  0.58  0.84  0.50 -0.38 -0.33
1998 10  1.43  2.34  3.46  5.64  8.62 10.26 10.41 12.49 10.61  7.83  4.21 10.58 12.40 13.08 12.45 10.61  0.86  0.63  0.46 -0.06  0.29  0.08 -0.06 -0.49 -0.22 -0.18  0.18 -0.44 -0.81 -1.05
1998 11   -99  0.68  1.09  2.53  5.51  8.30  7.35  9.80  7.61  4.20  2.25  6.97  8.73  9.56  9.12  8.52  0.17  0.36  0.65  0.00  0.64  0.96  0.76 -0.13  0.33  0.39  0.77  0.25 -0.41 -0.82
1998 12   -99   -99   -99   -99  1.56   -99  3.70  5.93  3.32  1.03 -0.03  2.68  4.45  5.71  5.84  6.55   -99   -99 -0.55   -99 -0.12  0.56 -0.38 -0.53 -0.05 -0.54 -0.12  0.03 -0.04 -0.23
1999 01   -99   -99   -99   -99   -99  4.31  2.02  3.50  1.41   -99   -99   -99  1.76  3.06  2.83  4.43   -99   -99   -99 -0.03 -0.15  0.35 -0.17   -99   -99   -99 -0.23  0.12  0.22  0.34
1999 02   -99   -99   -99   -99  0.28  4.04  1.41  2.65   -99   -99   -99   -99   -99  1.79  1.58  3.19   -99   -99  0.06  0.24 -0.17  0.56   -99   -99   -99   -99   -99  0.12  0.35  0.50
1999 03   -99   -99   -99 -0.67  0.86  4.56  1.55  3.03  1.23 -0.94 -0.51 -0.05  1.61  2.11  1.21  2.59   -99  0.27  0.54  0.89  0.49  1.42  0.94  0.09 -0.02  0.48  1.02  0.81  0.30  0.28
1999 04   -99   -99   -99 -0.67  0.75  4.94  2.46  3.84  1.96  0.19  2.02  0.34  2.15  3.07  2.35  4.07   -99 -0.32  0.20  1.04  0.67  1.42  1.04  0.21  0.79  0.13  0.85  0.92  0.40  0.82
1999 05   -99   -99  1.12  1.24  2.71  6.90  5.38  6.84  4.94  4.17  5.36  4.14  5.86  6.91  6.16  6.83  0.83  0.46  1.01  1.62  1.82  2.24  1.83  1.08  0.88  1.45  2.18  2.10  1.27  1.27
1999 06  0.35  1.93  2.39  4.48  6.74  9.24  9.37 11.08  9.76 10.13  8.66 10.11 10.68 12.11 12.17 10.44  0.51  1.15  2.03  1.73  2.36  2.78  2.65  1.79  0.45  2.49  2.70  2.95  2.80  1.78
1999 07  2.12  4.18  5.12  8.25 10.71 11.93 13.94 14.99 14.36 15.03 10.06 15.64 15.59 16.60 14.67 13.81 -0.18  0.58  0.98  0.65  0.95  1.03  1.80  1.42 -0.63  1.79  1.61  1.65  0.43  1.57
1999 08  3.47  6.34  7.73 10.85 14.06 14.04 17.70 19.08 17.42 16.09 10.68 18.38 18.98 19.21 17.28 15.03  0.35  0.46  1.41  1.03  2.31  2.22  1.48  0.67  0.43  1.16  1.49  1.23  0.87  1.34
1999 09  2.25  4.12  5.34  9.26 12.54 13.41 12.77 16.69 16.03 14.44  9.18 16.52 17.71 18.82 17.79 14.72  0.01  0.75  1.10  0.82 -0.56  1.27  1.89  1.85  1.66  1.77  1.94  2.08  2.00  1.61
1999 10  1.16  1.95  2.57  5.02  8.24 10.71 10.51 12.62 10.80  8.63  5.04 10.72 12.46 14.08 13.35 12.47 -0.03  0.01  0.08  0.39  0.39  0.21  0.13  0.31  0.61 -0.04  0.24  0.56  0.09  0.81
1999 11   -99   -99  0.78  1.68  3.98  7.57  6.63  8.74  6.50  4.17  2.01  6.39  8.18  9.73  9.55 10.19 -0.14 -0.49 -0.88 -0.73 -0.08 -0.10 -0.35 -0.16  0.09 -0.19  0.22  0.42  0.02  0.85
1999 12   -99 -0.50   -99   -99  2.10  5.81  4.25  6.07  3.85  1.84   -99  3.69  5.15  7.22  7.15  7.83   -99   -99 -0.01 -0.35  0.43  0.70  0.15  0.28   -99  0.47  0.58  1.54  1.27  1.05
2000 01   -99   -99   -99   -99   -99  4.69  2.45  4.02   -99   -99   -99   -99  2.77  4.38  4.09  5.62   -99   -99   -99  0.35  0.28  0.87   -99   -99   -99   -99  0.78  1.44  1.48  1.53
2000 02   -99   -99   -99   -99   -99  4.26  2.40  3.14  1.16   -99   -99   -99  1.57  3.05  2.05  3.48   -99   -99   -99  0.46  0.82  1.05  0.38   -99   -99   -99  0.53  1.38  0.82  0.79
2000 03   -99   -99   -99   -99   -99  3.64  2.15  2.88  0.82 -1.24 -0.13 -0.66  1.48  2.38  1.87  3.35   -99   -99   -99 -0.03  1.09  1.27  0.53 -0.21  0.36 -0.13  0.89  1.08  0.96  1.04
2000 04   -99   -99   -99 -0.91  0.45  3.97  2.54  3.87  1.64  0.09  0.82  0.44  2.34  3.40  3.11  4.63   -99 -0.56 -0.10  0.07  0.75  1.45  0.72  0.11 -0.41  0.23  1.04  1.25  1.16  1.38
2000 05   -99   -99 -0.23  0.01  2.18  5.81  4.52  6.23  4.11  3.00  4.98  3.12  4.68  6.14  6.30  6.65 -0.52 -0.77  0.48  0.53  0.96  1.63  1.00 -0.09  0.50  0.43  1.00  1.33  1.41  1.09
2000 06 -0.05  1.11  2.20  3.84  5.05  7.29  7.85 10.01  8.33  8.50  7.79  8.19  9.42 10.51 10.80 10.04  0.32  0.51  0.34 -0.22  0.84  1.71  1.22  0.16 -0.42  0.57  1.44  1.35  1.43  1.38
2000 07  2.65  4.48  6.30  9.06 10.92 12.45 14.48 15.91 13.39 14.02 11.93 14.14 14.54 15.09 14.46 13.19  1.00  1.39  1.19  1.17  1.49  1.95  0.83  0.41  1.24  0.29  0.56  0.14  0.22  0.95
2000 08  3.91  7.49  9.45 12.51 14.51 14.77 16.43 17.94 17.05 16.66 11.59 18.16 17.99 18.54 17.63 14.84  2.07  2.12  1.86  1.76  1.04  1.08  1.11  1.24  1.34  0.94  0.50  0.56  1.22  1.15
2000 09  2.83  5.24  6.96  9.60 12.21 13.14 14.29 16.23 14.94 13.15  7.19 15.97 17.05 17.48 16.29 13.79  1.63  1.09  0.77  0.55  0.96  0.81  0.80  0.56 -0.33  1.22  1.28  0.74  0.50  0.68
2000 10   -99  1.84  3.25  5.45  8.78 10.91 11.05 13.47 10.90  8.22  4.04 11.03 13.02 14.40 13.69 11.93  0.65  0.44  0.62  0.59  0.93  1.06  0.23 -0.10 -0.39  0.27  0.80  0.88  0.43  0.27
2000 11   -99   -99  0.68  2.24  5.88  9.83  8.43 11.02  7.87  4.24  1.58  6.70  8.88  9.17  9.48  9.35 -0.24  0.07  1.02  1.53  1.72  2.18  1.02 -0.09 -0.34  0.12  0.92 -0.14 -0.05  0.01
2000 12   -99   -99   -99   -99   -99   -99  2.98  4.32  2.87   -99   -99   -99  3.58  5.66  5.89  7.35   -99   -99   -99   -99 -0.84 -1.05 -0.83   -99   -99   -99 -0.99 -0.02  0.01  0.57
2001 01   -99   -99   -99   -99   -99   -99   -99   -99   -99   -99   -99   -99   -99   -99  1.96  4.22   -99   -99   -99   -99   -99   -99   -99   -99   -99   -99   -99   -99 -0.65  0.13
2001 02   -99   -99   -99   -99   -99  3.31   -99   -99   -99   -99   -99   -99   -99  1.75  1.16  2.93   -99   -99   -99 -0.49   -99   -99   -99   -99   -99   -99   -99  0.08 -0.07  0.24
2001 03   -99   -99   -99   -99   -99  3.32  0.65  0.95 -0.27 -1.22 -0.68 -1.10 -0.03  1.01  0.52  2.23   -99   -99   -99 -0.35 -0.41 -0.66 -0.56 -0.19 -0.19 -0.57 -0.62 -0.29 -0.39 -0.08
2001 04   -99   -99   -99 -0.43 -0.05  3.56  0.92  1.58  0.19 -0.44  1.24 -0.55  0.39  1.34  1.32  2.53   -99 -0.08 -0.60 -0.34 -0.87 -0.84 -0.73 -0.42  0.01 -0.76 -0.91 -0.81 -0.63 -0.72
2001 05   -99  0.12 -0.06  0.49  1.41  5.49  2.82  4.42  3.32  4.14  5.68  3.28  3.70  4.84  5.24  5.66 -0.35 -0.29 -0.29  0.21 -0.74 -0.18  0.21  1.05  1.20  0.59  0.02  0.03  0.35  0.10
2001 06  0.27  1.12  2.37  4.58  5.21  9.15  7.73  8.92  7.97  9.68  9.44  9.03  9.02 10.35 10.64  9.42  0.49  1.25  0.50  1.64  0.72  0.62  0.86  1.34  1.23  1.41  1.04  1.19  1.27  0.76
2001 07  2.29  3.44  4.51  7.38  9.88 11.76 13.80 14.35 12.70 13.89 10.14 14.73 14.55 15.11 13.13 12.11 -0.79 -0.29  0.15  0.48  0.81  0.39  0.14  0.28 -0.55  0.88  0.57  0.16 -1.11 -0.13
2001 08  3.53  6.58  7.48 10.18 12.85 13.27 15.85 16.78 15.96 16.03 10.42 18.07 17.64 17.88 15.86 13.22  0.10 -0.21  0.20  0.26  0.46 -0.08  0.02  0.61  0.17  0.85  0.15 -0.10 -0.55 -0.47
2001 09  2.40  4.62  6.10  8.97 11.33 12.95 13.53 14.89 14.38 13.29  7.73 15.46 16.06 17.35 16.59 12.86  0.77  0.46 -0.11  0.36  0.20 -0.53  0.24  0.70  0.21  0.71  0.29  0.61  0.80 -0.25
2001 10  1.46  2.27  3.03  5.96  9.00 10.44 10.50 12.64 11.79  9.26  4.70 12.56 13.62 14.77 14.43 12.10  0.43  0.95  0.84  0.12  0.38  0.23  1.12  0.94  0.27  1.80  1.40  1.25  1.17  0.44
2001 11  0.32  0.75  1.14  2.58  5.67  8.82  7.31  9.89  7.67  4.38  2.18  6.61  8.85 10.09 10.07  9.20  0.22  0.41  0.81  0.52  0.60  1.05  0.82  0.05  0.26  0.03  0.89  0.78  0.54 -0.14
2001 12   -99   -99   -99  0.63  2.64  6.73  4.09  6.68  4.37  1.82  0.48  3.58  5.39  6.64  7.35  7.52   -99 -0.12  0.53  0.57  0.27  1.31  0.67  0.26  0.46  0.36  0.82  0.96  1.47  0.74
2002 01   -99   -99   -99   -99   -99   -99  2.37  3.92  1.49   -99   -99   -99  2.27  3.48  3.48  5.06   -99   -99   -99   -99  0.20  0.77 -0.09   -99   -99   -99  0.28  0.54  0.87  0.97
2002 02   -99   -99   -99   -99   -99  3.39  1.20  1.66   -99   -99   -99   -99  0.81  1.84  1.50  2.90   -99   -99   -99 -0.41 -0.38 -0.43   -99   -99   -99   -99 -0.23  0.17  0.27  0.21
2002 03   -99   -99   -99   -99   -99  3.54  0.68  1.52  0.38   -99 -0.86 -0.73  0.72  1.53  1.55  3.09   -99   -99   -99 -0.13 -0.38 -0.09  0.09   -99 -0.37 -0.20  0.13  0.23  0.64  0.78
2002 04   -99   -99   -99 -1.06 -0.05  3.52  1.19  2.20  0.58 -0.18  2.04 -0.05  1.36  2.33  2.89  4.22   -99 -0.71 -0.60 -0.38 -0.60 -0.22 -0.34 -0.16  0.81 -0.26  0.06  0.18  0.94  0.97
2002 05   -99   -99 -0.01  0.30  0.84  4.14  2.31  3.88  2.39  2.39  4.38  2.27  3.22  4.86  5.59  6.45 -0.30 -0.48 -0.86 -1.14 -1.25 -0.72 -0.72 -0.70 -0.10 -0.42 -0.46  0.05  0.70  0.89
2002 06   -99  1.58  1.14  3.36  4.39  6.26  6.32  8.28  6.90  7.86  8.20  7.27  8.02  9.06  9.28  9.04 -0.74  0.03 -0.32 -1.25 -0.69 -0.02 -0.21 -0.48 -0.01 -0.35  0.04 -0.10 -0.09  0.38
2002 07  1.26  3.49  5.11  8.33 10.33 11.51 13.46 13.95 11.83 13.13 11.05 12.79 12.80 14.20 14.02 12.84 -0.19  0.66  0.60  0.23  0.47 -0.01 -0.73 -0.48  0.36 -1.06 -1.18 -0.75 -0.22  0.60
2002 08  3.12  4.84  6.56 10.29 13.12 13.85 15.58 17.15 16.52 15.92 11.20 17.93 17.84 18.43 17.71 14.82 -0.82 -0.10  0.47  0.84  0.19  0.29  0.58  0.50  0.95  0.71  0.35  0.45  1.30  1.13
2002 09  2.24  3.88  4.73  7.58 11.12 12.77 13.70 15.74 13.36 12.14  8.29 14.27 15.71 17.16 17.11 14.24 -0.60 -0.93 -0.32  0.18  0.37  0.32 -0.78 -0.45  0.77 -0.48 -0.06  0.42  1.32  1.13
2002 10  1.20  1.90  1.74  3.68  7.34  9.88  9.99 12.26  9.58  7.68  4.63  9.70 11.92 13.73 13.87 12.64 -0.86 -1.33 -0.82 -0.44 -0.13 -0.15 -1.09 -0.64  0.20 -1.06 -0.30  0.21  0.61  0.98
2002 11   -99  0.61  0.77  1.77  3.46  7.27  5.82  7.44  5.27  3.48  1.25  5.24  6.99  8.81  9.08  9.63 -0.15 -0.40 -1.40 -1.03 -0.89 -1.40 -1.58 -0.85 -0.67 -1.34 -0.97 -0.50 -0.45  0.29
2002 12   -99   -99   -99   -99  0.96  4.72  2.85  3.69  2.20  0.76   -99  2.34  3.18  5.10  5.09  6.96   -99   -99 -1.15 -1.44 -0.97 -1.68 -1.50 -0.80   -99 -0.88 -1.39 -0.58 -0.79  0.18
2003 01   -99   -99   -99   -99   -99  3.84  1.82  1.86   -99   -99   -99   -99  1.08  2.21  2.20  3.71   -99   -99   -99 -0.50 -0.35 -1.29   -99   -99   -99   -99 -0.91 -0.73 -0.41 -0.38
2003 02   -99   -99   -99   -99   -99   -99  1.43  1.48   -99   -99   -99   -99  0.38  1.13  0.37  2.36   -99   -99   -99   -99 -0.15 -0.61   -99   -99   -99   -99 -0.66 -0.54 -0.86 -0.33
2003 03   -99   -99   -99   -99   -99  3.68  0.22  0.58   -99   -99   -99   -99   -99  0.34  0.11  1.91   -99   -99   -99  0.01 -0.84 -1.03   -99   -99   -99   -99   -99 -0.96 -0.80 -0.40
2003 04   -99   -99   -99   -99  0.09  4.17  0.47  0.82  0.17 -0.76  0.82 -0.22  0.39  1.35  1.29  2.67   -99   -99 -0.46  0.27 -1.32 -1.60 -0.75 -0.74 -0.41 -0.43 -0.91 -0.80 -0.66 -0.58
2003 05   -99  0.54  0.28  0.62  1.31  5.05  2.44  3.64  2.53  2.72  4.32  2.41  2.92  4.52  5.09  5.30 -0.01 -0.16 -0.39 -0.23 -1.12 -0.96 -0.58 -0.37 -0.16 -0.28 -0.76 -0.29  0.20 -0.26
2003 06  0.37  2.20  2.30  3.21  4.00  6.89  5.82  7.37  6.60  8.18  8.04  7.57  7.49  8.92  9.49  8.41  0.42 -0.12 -0.71 -0.62 -1.19 -0.93 -0.51 -0.16 -0.17 -0.05 -0.49 -0.24  0.12 -0.25
2003 07  3.48  5.75  6.28  7.91 10.03 12.31 14.79 15.34 13.10 13.82 11.17 14.54 15.14 16.17 15.31 12.71  0.98  0.24  0.30  1.03  1.80  1.38  0.54  0.21  0.48  0.69  1.16  1.22  1.07  0.47
2003 08  4.40  7.66  8.50 10.95 13.19 13.16 15.77 17.76 16.65 15.64 11.14 17.48 18.07 18.54 15.96 14.24  1.12  0.56  0.54  0.15  0.38  0.90  0.71  0.22  0.89  0.26  0.58  0.56 -0.45  0.55
2003 09  2.62  5.05  6.63  9.62 12.31 13.02 13.87 16.09 14.47 12.94  7.25 15.08 16.62 17.52 15.23 12.98  1.30  1.11  0.87  0.43  0.54  0.67  0.33  0.35 -0.27  0.33  0.85  0.78 -0.56 -0.13
2003 10  1.62  2.80  4.00  6.78 10.20 11.26 11.43 14.62 12.82  9.27  4.46 12.46 14.13 14.98 13.34 11.65  1.40  1.77  2.04  0.94  1.31  2.21  2.15  0.95  0.03  1.70  1.91  1.46  0.08 -0.01
2003 11  0.30  0.87  1.25  2.35  4.80  7.99  6.96  9.06  7.06  4.14  1.34  6.75  8.71  9.75  9.09  8.99  0.33  0.18 -0.06 -0.31  0.25  0.22  0.21 -0.19 -0.58  0.17  0.75  0.44 -0.44 -0.35
2003 12   -99 -0.11 -0.04  0.73  2.28  6.81  4.25  5.53  3.97  1.44 -0.89  3.20  5.09  6.30  5.88  6.57 -0.12 -0.02  0.17  0.65  0.43  0.16  0.27 -0.12 -0.91 -0.02  0.52  0.62  0.00 -0.21
2004 01   -99   -99   -99   -99  0.89  4.91  2.54  2.90  1.82   -99   -99   -99  2.37  3.42  3.20  4.42   -99   -99  0.37  0.57  0.37 -0.25  0.24   -99   -99   -99  0.38  0.48  0.59  0.33
2004 02   -99   -99   -99   -99   -99  3.53  1.47  1.23   -99   -99   -99   -99   -99  1.00  0.38  1.93   -99   -99   -99 -0.27 -0.11 -0.86   -99   -99   -99   -99   -99 -0.67 -0.85 -0.76
2004 03   -99   -99   -99   -99  0.28  3.60  1.18  1.47  0.16   -99 -0.64   -99  0.21  0.80  0.13  1.26   -99   -99 -0.04 -0.07  0.12 -0.14 -0.13   -99 -0.15   -99 -0.38 -0.50 -0.78 -1.05
2004 04   -99   -99   -99 -0.55  0.94  4.60  2.55  2.82  1.14 -0.22  0.67  0.20  1.27  1.83  1.45  2.30   -99 -0.20  0.39  0.70  0.76  0.40  0.22 -0.20 -0.56 -0.01 -0.03 -0.32 -0.50 -0.95
2004 05   -99  0.40   -99  0.89  1.95  5.60  3.72  4.79  3.39  2.71  3.84  2.55  3.85  4.43  4.77  5.04   -99  0.11  0.25  0.32  0.16  0.19  0.28 -0.38 -0.64 -0.14  0.17 -0.38 -0.12 -0.52
2004 06  0.34  1.89  2.04  2.36  4.13  5.91  6.11  7.90  6.66  7.31  7.74  6.48  7.59  8.67  8.97  7.62  0.16 -0.97 -0.58 -1.60 -0.90 -0.40 -0.45 -1.03 -0.47 -1.14 -0.39 -0.49 -0.40 -1.04
2004 07  3.54  6.36  7.21  9.28 10.10 11.19 13.63 14.50 12.89 13.95 11.32 14.22 14.09 14.98 14.56 11.90  1.91  1.61  0.37 -0.09  0.64  0.54  0.33  0.34  0.63  0.37  0.11  0.03  0.32 -0.34
2004 08  3.88  6.61  9.28 12.57 13.93 13.63 16.17 17.27 16.99 16.09  9.52 18.06 18.33 18.54 16.90 13.28  1.90  2.18  1.28  0.62  0.78  0.41  1.05  0.67 -0.73  0.84  0.84  0.56  0.49 -0.41
2004 09  2.39  4.00  5.47  8.90 11.43 12.43 13.88 15.37 13.37 11.95  6.95 13.66 15.16 16.79 15.58 12.08  0.14  0.39 -0.01 -0.16  0.55 -0.05 -0.77 -0.64 -0.57 -1.09 -0.61  0.05 -0.21 -1.03
2004 10  1.24  2.32  3.01  5.11  7.97 11.23 10.13 11.68  9.76  8.74  4.69  9.91 10.83 12.56 13.72 11.33  0.41  0.10 -0.19  0.91  0.01 -0.73 -0.91  0.42  0.26 -0.85 -1.39 -0.96  0.46 -0.33
2004 11  0.28  0.80  1.13  2.42  4.24  8.81  6.12  7.47  6.63  4.75  2.55  6.54  7.36  8.65  9.28  8.99  0.21  0.25 -0.62  0.51 -0.59 -1.37 -0.22  0.42  0.63 -0.04 -0.60 -0.66 -0.25 -0.35
2004 12   -99   -99   -99  0.85  2.28  6.21  3.51  5.12  4.20  1.59 -0.14  3.37  4.46  5.42  5.98  6.42   -99  0.10  0.17  0.05 -0.31 -0.25  0.50  0.03 -0.16  0.15 -0.11 -0.26  0.10 -0.36
2005 01   -99   -99   -99   -99   -99  4.24  2.07  3.04  1.69   -99   -99   -99   -99  3.00  2.89  3.99   -99   -99   -99 -0.10 -0.10 -0.11  0.11   -99   -99   -99   -99  0.06  0.28 -0.10
2005 02   -99   -99   -99   -99  0.42  4.58  1.74  2.76  0.87   -99   -99 -0.64  1.44  1.87  0.96  2.13   -99   -99  0.20  0.78  0.16  0.67  0.09   -99   -99 -0.23  0.40  0.20 -0.27 -0.56
2005 03   -99   -99   -99   -99  0.28  4.29  1.24  2.34  0.75   -99 -0.58 -0.82  1.18  1.43  0.98  2.22   -99   -99 -0.04  0.62  0.18  0.73  0.46   -99 -0.09 -0.29  0.59  0.13  0.07 -0.09
2005 04   -99   -99   -99 -0.68  0.54  4.87  1.96  2.90  1.39 -0.32  1.15  0.23  2.01  2.53  2.33  3.50   -99 -0.33 -0.01  0.97  0.17  0.48  0.47 -0.30 -0.08  0.02  0.71  0.38  0.38  0.25
2005 05   -99  0.52  0.68  1.69  2.17  6.27  3.25  4.46  3.76  3.49  3.72  3.29  4.18  5.17  4.86  5.25  0.39  0.91  0.47  0.99 -0.31 -0.14  0.65  0.40 -0.76  0.60  0.50  0.36 -0.03 -0.31
2005 06  0.79  2.77  3.12  5.09  5.46  8.18  6.78  8.42  7.49  8.97  8.16  7.75  8.01  8.68  8.69  7.77  1.24  1.76  0.75  0.67 -0.23  0.12  0.38  0.63 -0.05  0.13  0.03 -0.48 -0.68 -0.89
2005 07  2.75  5.14  7.05  9.25 10.43 12.18 13.14 13.69 12.76 14.06 11.31 13.86 14.98 15.64 14.58 11.52  1.75  1.58  0.70  0.90  0.15 -0.27  0.20  0.45  0.62  0.01  1.00  0.69  0.34 -0.72
2005 08  3.56  5.99  7.37 11.86 13.84 13.93 16.24 17.32 16.20 15.10  9.43 17.05 18.11 18.62 16.71 13.33 -0.01  1.47  1.19  0.92  0.85  0.46  0.26 -0.32 -0.82 -0.17  0.62  0.64  0.30 -0.36
2005 09  2.53  4.44  6.02  9.55 12.20 13.73 13.93 16.18 15.27 13.52  8.07 16.31 17.15 18.28 16.82 13.35  0.69  1.04  0.76  1.14  0.60  0.76  1.13  0.93  0.55  1.56  1.38  1.54  1.03  0.24
2005 10  1.37  2.34  2.90  5.56  7.87 10.25  9.30 12.53 11.16  8.76  5.19 11.27 13.03 14.64 13.73 11.89  0.30  0.55 -0.29 -0.07 -0.82  0.12  0.49  0.44  0.76  0.51  0.81  1.12  0.47  0.23
2005 11  0.38  0.74  1.14  2.54  5.25  8.27  6.59  9.04  7.76  5.10  2.72  6.99  8.63 10.15 10.09  9.39  0.22  0.37  0.39 -0.03 -0.12  0.20  0.91  0.77  0.80  0.41  0.67  0.84  0.56  0.05
2005 12   -99   -99 -0.03  0.98  2.91  6.84  4.47  6.40  4.66  2.03  0.04  3.85  5.42  6.49  6.35  6.86 -0.11  0.23  0.80  0.68  0.65  1.03  0.96  0.47  0.02  0.63  0.85  0.81  0.47  0.08
2006 01   -99   -99   -99   -99  0.91  4.78  2.79  4.30  2.48   -99   -99  1.26  2.95  4.29  3.89  4.76   -99   -99  0.39  0.44  0.62  1.15  0.90   -99   -99  0.32  0.96  1.35  1.28  0.67
2006 02   -99   -99   -99   -99  0.27  4.26  1.96  2.83  1.09   -99   -99 -0.17  1.66  2.64  2.13  3.39   -99   -99  0.05  0.46  0.38  0.74  0.31   -99   -99  0.24  0.62  0.97  0.90  0.70
2006 03   -99   -99   -99   -99  0.11  3.70  1.31  1.90  0.72 -0.81  0.13 -0.26  1.22  1.83  1.31  2.90   -99   -99 -0.21  0.03  0.25  0.29  0.43  0.22  0.62  0.27  0.63  0.53  0.40  0.59
2006 04   -99   -99 -0.79 -0.20  1.02  5.60  2.69  2.81  1.25  0.49  1.72  0.47  1.62  2.96  2.73  4.04  0.02  0.15  0.47  1.70  0.90  0.39  0.33  0.51  0.49  0.26  0.32  0.81  0.78  0.79
2006 05   -99  0.26  1.16  2.16  3.29  7.86  6.25  6.61  4.91  5.31  5.64  4.58  5.02  6.11  5.77  6.25  0.87  1.38  1.59  2.58  2.69  2.01  1.80  2.22  1.16  1.89  1.34  1.30  0.88  0.69
2006 06 -0.07  1.92  4.12  5.72  6.55  9.83 10.70 10.84  8.23 10.34  9.55  9.03  9.21 10.33 10.26  9.48  2.24  2.39  1.84  2.32  3.69  2.54  1.12  2.00  1.34  1.41  1.23  1.17  0.89  0.82
2006 07  2.68  4.80  6.78 10.08 11.43 12.50 15.55 15.94 13.73 15.31 11.49 15.42 15.21 16.06 14.74 13.38  1.48  2.41  1.70  1.22  2.56  1.98  1.17  1.70  0.80  1.57  1.23  1.11  0.50  1.14
2006 08  3.87  6.25  8.21 11.65 13.77 13.71 16.25 17.96 16.52 15.79 10.44 17.50 18.38 18.52 16.13 14.30  0.83  1.26  1.12  0.70  0.86  1.10  0.58  0.37  0.19  0.28  0.89  0.54 -0.28  0.61
2006 09  3.00  5.26  7.05 10.57 12.03 11.60 12.84 14.65 13.58 13.33  7.85 15.09 14.91 16.74 16.68 13.78  1.72  2.06  0.59 -0.99 -0.49 -0.77 -0.56  0.74  0.33  0.34 -0.86  0.00  0.89  0.67
2006 10  1.33  2.71  3.20  6.18  9.32 10.64 10.88 12.48 11.09  9.12  4.93 11.40 12.37 13.69 13.79 12.37  0.60  1.17  1.16  0.32  0.76  0.07  0.42  0.80  0.50  0.64  0.15  0.17  0.53  0.71
2006 11  0.54  1.09  1.38  2.80  6.18  9.10  8.46  9.83  8.07  5.53  3.25  7.09  8.57  9.83  9.77  9.92  0.46  0.63  1.32  0.80  1.75  0.99  1.22  1.20  1.33  0.51  0.61  0.52  0.24  0.58
2006 12   -99   -99   -99  0.45  2.14  5.47  4.84  5.62  4.20  2.12  0.79  3.74  5.29  6.51  6.95  7.86   -99 -0.30  0.03 -0.69  1.02  0.25  0.50  0.56  0.77  0.52  0.72  0.83  1.07  1.08
2007 01   -99   -99   -99   -99  0.35  4.08  2.60  2.90  1.45 -0.31   -99  1.15  2.39  3.57  3.39  5.44   -99   -99 -0.17 -0.26  0.43 -0.25 -0.13  0.00   -99  0.21  0.40  0.63  0.78  1.35
2007 02   -99   -99   -99   -99   -99  3.41  1.66  1.99   -99   -99   -99   -99   -99  1.08  0.85  3.20   -99   -99   -99 -0.39  0.08 -0.10   -99   -99   -99   -99   -99 -0.59 -0.38  0.51
2007 03   -99   -99   -99   -99  0.67  3.48  1.63  1.75 -0.17   -99 -0.96   -99  0.50  0.55  0.20  2.24   -99   -99  0.35 -0.19  0.57  0.14 -0.46   -99 -0.47   -99 -0.09 -0.75 -0.71 -0.07
2007 04   -99   -99   -99 -0.66  0.58  3.76  2.01  1.69  0.15 -0.31  0.73 -0.18  0.60  1.11  1.01  2.73   -99 -0.31  0.03 -0.14  0.22 -0.73 -0.77 -0.29 -0.50 -0.39 -0.70 -1.04 -0.94 -0.52
2007 05   -99   -99   -99  0.65  1.34  4.77  3.90  4.44  2.64  2.94  4.66  2.52  3.12  4.29  4.71  5.52   -99 -0.13 -0.36 -0.51  0.34 -0.16 -0.47 -0.15  0.18 -0.17 -0.56 -0.52 -0.18 -0.04
2007 06   -99  1.55  2.38  4.12  5.23  7.83  7.60  8.48  7.30  8.68  9.10  8.13  7.93  8.78  9.26  8.33  0.50  0.79  0.52  0.32  0.59  0.18  0.19  0.34  0.89  0.51 -0.05 -0.38 -0.11 -0.33
2007 07  2.06  4.60  6.09  8.58  9.88 11.03 13.28 14.27 12.99 14.31 10.85 14.54 14.23 14.75 14.36 12.59  0.79  0.91  0.15 -0.25  0.29  0.31  0.43  0.70  0.16  0.69  0.25 -0.20  0.12  0.35
2007 08  3.37  5.83  7.17  9.78 12.48 13.55 14.38 16.41 15.38 15.05  9.71 16.75 17.05 17.78 15.21 13.16 -0.21 -0.61 -0.17  0.54 -1.01 -0.45 -0.56 -0.37 -0.54 -0.47 -0.44 -0.20 -1.20 -0.53
2007 09  2.32  3.68  4.59  8.15 12.21 14.25 13.87 16.03 14.16 11.75  6.49 14.01 15.72 16.83 14.72 12.24 -0.74 -0.36  0.77  1.66  0.54  0.61  0.02 -0.84 -1.03 -0.74 -0.05  0.09 -1.07 -0.87
2007 10  1.12  1.94  2.09  3.86  8.16 11.05 10.94 13.23 10.33  8.32  5.26 10.15 12.41 13.94 14.12 11.23 -0.51 -1.15  0.00  0.73  0.82  0.82 -0.34  0.00  0.83 -0.61  0.19  0.42  0.86 -0.43
2007 11  0.02  0.47  1.08  2.10  5.01  8.59  7.60  9.42  6.70  4.58  2.11  6.37  8.10  9.33  9.04  8.59  0.16 -0.07  0.15  0.29  0.89  0.58 -0.15  0.25  0.19 -0.21  0.14  0.02 -0.49 -0.75
2007 12   -99   -99   -99  0.54  1.81  5.79  3.70  4.82  3.01  1.10 -0.35  2.73  3.82  5.12  5.21  6.11   -99 -0.21 -0.30 -0.37 -0.12 -0.55 -0.69 -0.46 -0.37 -0.49 -0.75 -0.56 -0.67 -0.67
2008 01   -99   -99   -99   -99  0.17  4.20  2.06  2.45  1.01   -99   -99  0.43  1.69  2.68  2.53  3.90   -99   -99 -0.35 -0.14 -0.11 -0.70 -0.57   -99   -99 -0.51 -0.30 -0.26 -0.08 -0.19
2008 02   -99   -99   -99   -99   -99  4.13  1.78  1.49  0.37   -99   -99   -99  0.98  1.97  1.72  3.04   -99   -99   -99  0.33  0.20 -0.60 -0.41   -99   -99   -99 -0.06  0.30  0.49  0.35
2008 03   -99   -99   -99   -99   -99  3.82  1.52  1.31 -0.17   -99   -99 -0.86  0.34  1.65  1.31  2.59   -99   -99   -99  0.15  0.46 -0.30 -0.46   -99   -99 -0.33 -0.25  0.35  0.40  0.28
2008 04   -99   -99   -99   -99  0.12  3.55  2.12  3.17  0.97  0.21  1.33  0.36  1.14  2.21  2.34  3.66   -99   -99 -0.43 -0.35  0.33  0.75  0.05  0.23  0.10  0.15 -0.16  0.06  0.39  0.41
2008 05   -99   -99  0.34  0.99  1.55  4.98  3.78  5.00  2.90  4.20  5.70  2.64  3.01  3.76  4.05  5.39  0.05  0.21 -0.15 -0.30  0.22  0.40 -0.21  1.11  1.22 -0.05 -0.67 -1.05 -0.84 -0.17
2008 06  0.92  2.38  3.41  4.69  5.82  8.60  6.86  7.65  6.96  8.69  8.84  7.64  7.66  8.71  9.91  9.35  1.53  1.36  1.11  1.09 -0.15 -0.65 -0.15  0.35  0.63  0.02 -0.32 -0.45  0.54  0.69
2008 07  3.76  6.44  7.97 10.07 11.28 12.61 14.57 15.18 13.30 14.99 11.48 15.45 15.28 16.31 15.60 13.24  2.67  2.40  1.55  1.33  1.58  1.22  0.74  1.38  0.79  1.60  1.30  1.36  1.36  1.00
2008 08  4.37  7.40  9.11 11.87 11.80 12.21 14.57 15.26 14.75 16.14 12.21 16.21 15.72 16.85 16.40 13.42  1.73  1.48 -0.85 -0.80 -0.82 -1.60 -1.19  0.72  1.96 -1.01 -1.77 -1.13 -0.01 -0.27
2008 09  2.80  5.22  7.27 10.61 12.10 12.33 13.85 15.03 13.92 13.18  8.26 14.85 15.06 15.46 15.30 12.95  1.94  2.10  0.66 -0.26  0.52 -0.39 -0.22  0.59  0.74  0.10 -0.71 -1.28 -0.49 -0.16
2008 10  1.05  2.23  3.32  6.45  9.18 10.93 10.61 12.14 10.81  8.69  4.38 10.77 12.08 13.05 12.40 11.48  0.72  1.44  1.02  0.61  0.49 -0.27  0.14  0.37 -0.05  0.01 -0.14 -0.47 -0.86 -0.18
2008 11  0.09  0.59  1.50  3.39  6.26  9.13  7.77  9.67  7.69  4.96  2.03  7.12  8.39  9.65  9.68  9.23  0.58  1.22  1.40  0.83  1.06  0.83  0.84  0.63  0.11  0.54  0.43  0.34  0.15 -0.11
2008 12   -99   -99  0.21  1.12  3.24  7.39  5.36  7.19  4.88  1.93   -99  3.64  5.21  6.38  6.71  6.93  0.13  0.37  1.13  1.23  1.54  1.82  1.18  0.37   -99  0.42  0.64  0.70  0.83  0.15
2009 01   -99   -99   -99   -99  0.68  4.43  2.88  4.03  1.85   -99   -99   -99  2.24  3.02  2.83  4.21   -99   -99  0.16  0.09  0.71  0.88  0.27   -99   -99   -99  0.25  0.08  0.22  0.12
2009 02   -99   -99   -99   -99   -99  3.29  1.95  2.81  0.95   -99   -99   -99  1.22  1.47  0.96  2.80   -99   -99   -99 -0.51  0.37  0.72  0.17   -99   -99   -99  0.18 -0.20 -0.27  0.11
2009 03   -99   -99   -99   -99   -99  2.90  1.79  2.63  0.59   -99 -0.70   -99  0.90  1.23  0.95  2.56   -99   -99   -99 -0.77  0.73  1.02  0.30   -99 -0.21   -99  0.31 -0.07  0.04  0.25
2009 04   -99   -99   -99   -99  0.44  3.11  2.62  4.00  1.45 -0.32  1.18  0.09  1.40  2.52  2.77  3.71   -99   -99 -0.11 -0.79  0.83  1.58  0.53 -0.30 -0.05 -0.12  0.10  0.37  0.82  0.46
2009 05   -99   -99   -99  0.29  1.81  4.09  4.56  6.31  4.02  3.00  4.00  3.07  4.56  5.58  5.74  6.04   -99 -0.49  0.11 -1.19  1.00  1.71  0.91 -0.09 -0.48  0.38  0.88  0.77  0.85  0.48
2009 06  0.48  0.93  2.10  3.64  5.50  7.05  7.74  9.25  8.43  9.19  7.76  8.71  9.17 10.33 10.34  9.44  0.22  0.31  0.79 -0.46  0.73  0.95  1.32  0.85 -0.45  1.09  1.19  1.17  0.97  0.78
2009 07  3.63  4.96  5.58  7.33 10.31 10.45 12.08 14.32 13.44 13.48 10.51 13.90 14.99 15.70 15.30 12.76  0.28 -0.34  0.58 -0.83 -0.91  0.36  0.88 -0.13 -0.18  0.05  1.01  0.75  1.06  0.52
2009 08  2.73  5.79  8.08 10.76 12.47 12.71 16.23 17.66 16.46 16.24 11.00 17.96 17.48 17.83 16.31 14.39  0.70  0.37 -0.18 -0.30  0.84  0.80  0.52  0.82  0.75  0.74 -0.01 -0.15 -0.10  0.70
2009 09  1.98  3.28  4.39  7.66  9.79 10.58 12.73 15.09 13.21 11.98  6.89 14.10 14.81 15.53 14.43 12.93 -0.94 -0.85 -1.65 -2.01 -0.60 -0.33 -0.93 -0.61 -0.63 -0.65 -0.96 -1.21 -1.36 -0.18
2009 10  0.95  1.94  2.50  4.11  6.43  8.66  8.94 10.76  9.22  8.11  4.94 10.41 11.43 13.14 13.00 11.67 -0.10 -0.90 -1.73 -1.66 -1.18 -1.65 -1.45 -0.21  0.51 -0.35 -0.79 -0.38 -0.26  0.01
2009 11   -99  0.29  0.66  1.64  3.10  6.17  4.77  6.87  5.49  4.41  2.74  6.10  6.94  8.91  9.74  9.71 -0.26 -0.53 -1.76 -2.13 -1.94 -1.97 -1.36  0.08  0.82 -0.48 -1.02 -0.40  0.21  0.37
2009 12   -99   -99   -99  0.49  1.19  4.63  2.55  4.19  2.99  1.76  0.20  3.44  3.83  5.72  6.38  7.47   -99 -0.26 -0.92 -1.53 -1.27 -1.18 -0.71  0.20  0.18  0.22 -0.74  0.04  0.50  0.69
2010 01   -99   -99   -99   -99  0.13  3.97  1.28  2.39  1.44 -0.31   -99  0.92  2.12  3.22  3.10  4.31   -99   -99 -0.39 -0.37 -0.89 -0.76 -0.14  0.00   -99 -0.02  0.13  0.28  0.49  0.22
2010 02   -99   -99   -99   -99 -0.08  3.47  0.79  1.01  0.22   -99   -99   -99  0.64  1.31  1.32  2.90   -99   -99 -0.30 -0.33 -0.79 -1.08 -0.56   -99   -99   -99 -0.40 -0.36  0.09  0.21
2010 03   -99   -99   -99 -1.20  0.25  3.62  0.95  1.24  0.31 -0.83  0.40 -0.06  1.06  2.02  1.54  2.67   -99 -0.26 -0.07 -0.05 -0.11 -0.37  0.02  0.20  0.89  0.47  0.47  0.72  0.63  0.36
2010 04   -99   -99   -99 -0.33  0.69  4.12  2.13  2.43  1.30  0.70  2.14  0.85  1.92  3.09  3.39  4.25   -99  0.02  0.14  0.22  0.34  0.01  0.38  0.72  0.91  0.64  0.62  0.94  1.44  1.00
2010 05   -99   -99  0.16  0.81  1.72  5.52  3.26  4.00  3.27  3.86  5.62  3.29  4.50  5.81  6.24  6.71 -0.13  0.03  0.02  0.24 -0.30 -0.60  0.16  0.77  1.14  0.60  0.82  1.00  1.35  1.15
2010 06  0.49  1.56  1.63  3.01  3.68  6.53  6.01  7.13  6.45  8.08  8.77  7.32  7.47  9.68 10.36  9.51 -0.25 -0.32 -1.03 -0.98 -1.00 -1.17 -0.66 -0.26  0.56 -0.30 -0.51  0.52  0.99  0.85
2010 07  3.17  5.51  5.94  8.03  9.68 10.59 13.13 13.90 12.80 14.15 11.28 14.67 15.30 16.66 15.43 13.38  0.64  0.36 -0.05 -0.69  0.14 -0.06  0.24  0.54  0.59  0.82  1.32  1.71  1.19  1.14
2010 08  4.63  7.56  9.13 11.34 12.66 13.47 14.79 15.91 16.72 16.49 10.76 18.29 18.45 18.96 17.36 14.19  1.75  0.95  0.01  0.46 -0.60 -0.95  0.78  1.07  0.51  1.07  0.96  0.98  0.95  0.50
2010 09  2.89  4.70  5.85  9.06 11.51 13.10 13.27 15.11 14.90 13.16  8.39 14.85 16.33 16.82 15.01 13.85  0.52  0.55  0.07  0.51 -0.06 -0.31  0.76  0.57  0.87  0.10  0.56  0.08 -0.78  0.74
2010 10  1.77  2.52  2.92  5.25  7.86 10.49 10.14 11.51 10.60  8.76  5.01 11.14 12.50 13.69 13.45 12.38  0.32  0.24 -0.30  0.17  0.02 -0.90 -0.07  0.44  0.58  0.38  0.28  0.17  0.19  0.72
2010 11  0.85  1.26  1.57  2.62  5.19  8.20  7.38  8.79  7.15  5.12  2.15  6.91  8.23  9.69  9.79  9.73  0.65  0.45  0.33 -0.10  0.67 -0.05  0.30  0.79  0.23  0.33  0.27  0.38  0.26  0.39
2010 12 -0.23 -0.14  0.17  0.96  2.64  6.92  4.48  5.91  4.24  2.27  0.64  3.90  5.38  6.42  6.98  7.15  0.09  0.21  0.53  0.76  0.66  0.54  0.54  0.71  0.62  0.68  0.81  0.74  1.10  0.37
2011 01   -99   -99   -99   -99  1.41  5.72  3.52  3.91  2.58   -99   -99  1.78  2.88  4.06  4.05  4.90   -99   -99  0.89  1.38  1.35  0.76  1.00   -99   -99  0.84  0.89  1.12  1.44  0.81
2011 02   -99   -99   -99   -99   -99  4.05  2.38  2.60  1.27   -99   -99   -99  1.95  2.69  1.99  3.40   -99   -99   -99  0.25  0.80  0.51  0.49   -99   -99   -99  0.91  1.02  0.76  0.71
2011 03   -99   -99   -99   -99  0.39  3.75  1.76  2.13  0.87 -1.29 -0.75 -0.41  0.99  1.74  1.46  2.78   -99   -99  0.07  0.08  0.70  0.52  0.58 -0.26 -0.26  0.12  0.40  0.44  0.55  0.47
2011 04   -99   -99 -1.14 -0.59  0.57  3.71  2.09  2.94  1.50 -0.12  1.06  0.42  1.66  2.44  2.45  3.93 -0.33 -0.24  0.02 -0.19  0.30  0.52  0.58 -0.10 -0.17  0.21  0.36  0.29  0.50  0.68
2011 05   -99 -0.51  0.10  1.21  2.81  5.88  5.82  6.40  3.99  3.26  4.29  3.55  5.07  6.33  5.67  5.84 -0.19  0.43  1.11  0.60  2.26  1.80  0.88  0.17 -0.19  0.86  1.39  1.52  0.78  0.28
2011 06  0.35  1.14  2.05  3.62  5.27  8.53  7.53  8.83  7.02  7.99  8.78  6.95  8.03  9.09  9.45  9.26  0.17  0.29  0.56  1.02  0.52  0.53 -0.09 -0.35  0.57 -0.67  0.05 -0.07  0.08  0.60
2011 07  2.50  5.13  6.05  7.12  8.96 12.06 14.22 14.31 11.63 13.11 11.65 12.42 12.91 13.93 13.92 12.66  0.75 -0.55 -0.77  0.78  1.23  0.35 -0.93 -0.50  0.96 -1.43 -1.07 -1.02 -0.32  0.42
2011 08  3.18  6.01  7.63 10.68 11.37 12.07 15.36 15.90 14.30 15.59 11.57 16.04 15.75 16.79 16.14 14.01  0.25  0.29 -1.28 -0.94 -0.03 -0.96 -1.64  0.17  1.32 -1.18 -1.74 -1.19 -0.27  0.32
2011 09  2.50  4.25  5.46  9.20 11.10 12.14 13.61 15.61 14.30 12.73  8.20 15.39 15.92 16.86 16.59 13.91  0.13  0.69 -0.34 -0.45  0.28  0.19  0.16  0.14  0.68  0.64  0.15  0.12  0.80  0.80
2011 10  1.45  2.42  2.75  4.94  7.73  9.69 10.40 12.21  9.90  8.56  5.39 10.25 11.69 13.06 14.26 12.34  0.15 -0.07 -0.43 -0.63  0.28 -0.20 -0.77  0.24  0.96 -0.51 -0.53 -0.46  1.00  0.68
2011 11  0.64  1.00  1.57  2.81  4.26  7.07  6.42  7.68  6.30  5.11  2.67  6.92  7.36  9.22  9.38  9.58  0.65  0.64 -0.60 -1.23 -0.29 -1.16 -0.55  0.78  0.75  0.34 -0.60 -0.09 -0.15  0.24
2011 12   -99 -0.40  0.01  0.84  2.16  5.46  3.92  5.71  4.18  2.23  0.39  4.05  5.30  6.97  7.01  7.86 -0.07  0.09  0.05 -0.70  0.10  0.34  0.48  0.67  0.37  0.83  0.73  1.29  1.13  1.08
2012 01   -99   -99   -99   -99  0.95  4.21  2.29  4.09  2.35   -99   -99  1.66  3.12  4.80  4.72  5.75   -99   -99  0.43 -0.13  0.12  0.94  0.77   -99   -99  0.72  1.13  1.86  2.11  1.66
2012 02   -99   -99   -99   -99   -99  3.57  1.81  2.98  1.22   -99   -99  0.32  1.74  2.87  2.79  4.30   -99   -99   -99 -0.23  0.23  0.89  0.44   -99   -99  0.73  0.70  1.20  1.56  1.61
2012 03   -99   -99   -99   -99   -99  3.20  1.54  2.75  0.91 -1.42 -0.28 -0.47  1.40  2.36  2.19  3.90   -99   -99   -99 -0.47  0.48  1.14  0.62 -0.39  0.21  0.06  0.81  1.06  1.28  1.59
2012 04   -99   -99   -99   -99  0.70  5.10  3.36  4.31  1.91  0.53  1.53  0.88  2.31  3.41  3.77  4.94   -99   -99  0.15  1.20  1.57  1.89  0.99  0.55  0.30  0.67  1.01  1.26  1.82  1.69
2012 05   -99   -99 -0.05  0.99  2.41  6.47  5.61  7.05  5.24  4.31  5.47  4.65  5.75  6.74  6.84  7.40 -0.34  0.21  0.71  1.19  2.05  2.45  2.13  1.22  0.99  1.96  2.07  1.93  1.95  1.84
2012 06  0.63  2.08  3.22  4.31  5.52  8.33  7.13  9.08  8.73  9.63  9.67  9.10  8.83  9.97 11.15 10.68  1.34  0.98  0.81  0.82  0.12  0.78  1.62  1.29  1.46  1.48  0.85  0.81  1.78  2.02
2012 07  3.05  6.04  7.33  9.52 11.21 12.86 14.24 15.78 14.74 15.02 11.75 15.60 15.55 16.47 16.71 14.62  2.03  1.85  1.48  1.58  1.25  1.82  2.18  1.41  1.06  1.75  1.57  1.52  2.47  2.38
2012 08  3.64  7.25  9.30 12.67 14.45 14.33 16.47 18.16 17.92 17.40 12.29 19.05 19.77 19.99 18.76 15.97  1.92  2.28  1.80  1.32  1.08  1.30  1.98  1.98  2.04  1.83  2.28  2.01  2.35  2.28
2012 09  2.65  4.95  7.56 10.66 12.64 14.51 14.84 16.62 15.47 14.16  8.20 16.04 17.44 18.20 17.05 14.94  2.23  2.15  1.20  1.92  1.51  1.20  1.33  1.57  0.68  1.29  1.67  1.46  1.26  1.83
2012 10  1.37  2.26  3.17  6.27  9.24 11.24 10.97 13.19 11.72  8.83  5.35 11.91 13.68 14.86 14.21 13.12  0.57  1.26  1.08  0.92  0.85  0.78  1.05  0.51  0.92  1.15  1.46  1.34  0.95  1.46
2012 11   -99  0.95  1.13  2.60  6.01  9.22  7.86  9.94  8.22  5.34  2.59  7.75  9.48 11.26 11.33 10.91  0.21  0.43  1.15  0.92  1.15  1.10  1.37  1.01  0.67  1.17  1.52  1.95  1.80  1.57
2012 12   -99   -99   -99  0.59  2.28  6.00  4.28  5.44  4.42  2.04  0.18  4.16  5.64  7.44  7.75  8.13   -99 -0.16  0.17 -0.16  0.46  0.07  0.72  0.48  0.16  0.94  1.07  1.76  1.87  1.35
2013 01   -99   -99   -99   -99   -99  4.20  2.16  3.37  1.38   -99   -99  1.17  2.48  4.03  4.26  5.83   -99   -99   -99 -0.14 -0.01  0.22 -0.20   -99   -99  0.23  0.49  1.09  1.65  1.74
2013 02   -99   -99   -99   -99   -99  3.22  1.18  2.57  0.62   -99   -99 -0.79  1.24  2.64  2.13  3.91   -99   -99   -99 -0.58 -0.40  0.48 -0.16   -99   -99 -0.39  0.20  0.97  0.90  1.22
2013 03   -99   -99   -99   -99  0.07  4.12  1.20  1.93  0.85   -99  0.20   -99  1.03  2.13  1.91  3.14   -99   -99 -0.25  0.45  0.14  0.32  0.56   -99  0.69   -99  0.44  0.83  1.00  0.83
2013 04   -99   -99   -99 -0.80  0.31  3.91  1.26  2.47  1.30  0.18  0.99  0.14  1.55  2.52  2.99  4.17   -99 -0.45 -0.24  0.01 -0.53  0.05  0.38  0.20 -0.24 -0.07  0.25  0.37  1.04  0.92
2013 05   -99   -99 -0.10  0.84  2.22  6.50  4.48  5.25  4.21  3.82  4.88  3.59  4.85  5.76  6.01  6.61 -0.39  0.06  0.52  1.22  0.92  0.65  1.10  0.73  0.40  0.90  1.17  0.95  1.12  1.05
2013 06 -0.44  0.74  1.51  3.36  5.33  8.07  8.83  9.93  8.10  8.52  7.65  8.54  9.11 10.38 10.69  9.98 -0.37  0.03  0.62  0.56  1.82  1.63  0.99  0.18 -0.56  0.92  1.13  1.22  1.32  1.32
2013 07  0.94  2.79  4.35  7.53 10.11 11.14 14.84 16.33 14.42 14.05  9.55 15.74 16.19 16.97 16.07 13.90 -0.95 -0.14  0.38 -0.14  1.85  2.37  1.86  0.44 -1.14  1.89  2.21  2.02  1.83  1.66
2013 08  3.22  5.24  6.45  9.82 13.08 13.47 16.71 18.35 17.56 15.39  9.01 18.28 18.83 18.66 15.35 14.16 -0.93 -0.57  0.43  0.46  1.32  1.49  1.62 -0.03 -1.24  1.06  1.34  0.68 -1.06  0.47
2013 09  2.10  4.02  5.23  8.15 12.69 13.70 15.88 17.90 15.62 12.42  6.58 15.33 17.15 17.51 15.86 13.45 -0.10 -0.36  1.25  1.11  2.55  2.48  1.48 -0.17 -0.94  0.58  1.38  0.77  0.07  0.34
2013 10  1.06  2.19  3.09  5.31  8.66 10.93 11.33 12.96 11.44  9.14  5.45 11.31 13.14 14.65 13.87 12.31  0.49  0.30  0.50  0.61  1.21  0.55  0.77  0.82  1.02  0.55  0.92  1.13  0.61  0.65
2013 11  0.10  0.39  1.13   -99  4.64   -99  6.94   -99   -99  4.62  1.85   -99   -99   -99  9.49  9.72  0.21   -99 -0.22   -99  0.23   -99   -99  0.29 -0.07   -99   -99   -99 -0.04  0.38
2013 12   -99   -99   -99   -99   -99   -99   -99   -99   -99   -99   -99   -99   -99   -99   -99   -99   -99   -99   -99   -99   -99   -99   -99   -99   -99   -99   -99   -99   -99   -99
2014 01   -99   -99   -99   -99 -0.75   -99  1.52  1.73   -99   -99   -99 -0.42  1.08  2.48  2.14   -99   -99   -99 -1.27   -99 -0.65 -1.42   -99   -99   -99 -1.36 -0.91 -0.46 -0.47   -99
2014 02   -99   -99   -99   -99   -99   -99  0.79  1.81  0.06   -99   -99   -99  0.81  1.60  0.91  2.72   -99   -99   -99   -99 -0.79 -0.28 -0.72   -99   -99   -99 -0.23 -0.07 -0.32  0.03
2014 03   -99   -99   -99   -99   -99   -99  0.23   -99 -0.33   -99 -1.31   -99  0.26  1.51  0.88  2.61   -99   -99   -99   -99 -0.83   -99 -0.62   -99 -0.82   -99 -0.33  0.21 -0.03  0.30
2014 04   -99   -99   -99   -99 -0.81  2.19  0.92  2.16  0.33 -1.02  0.78 -0.73  1.29  3.01  2.29  3.57   -99   -99 -1.36 -1.71 -0.87 -0.26 -0.59 -1.00 -0.45 -0.94 -0.01  0.86  0.34  0.32
2014 05   -99   -99   -99   -99  0.90  3.27   -99  3.97  3.18  3.19  5.75  2.79  4.04  5.94  5.51  5.96   -99   -99 -0.80 -2.01   -99 -0.63  0.07  0.10  1.27  0.10  0.36  1.13  0.62  0.40
2014 06   -99   -99  2.34  3.48  4.71   -99   -99  7.34  7.91  9.49 10.86  8.10  8.21 10.14 10.34  9.41  0.46  0.15  0.00   -99   -99 -0.96  0.80  1.15  2.65  0.48  0.23  0.98  0.97  0.75
2014 07  2.34  4.60  6.84 10.17 11.19 10.96 12.48 14.12 13.97 14.88  9.54 14.86 15.46 15.05 13.01 13.11  1.54  2.50  1.46 -0.32 -0.51  0.16  1.41  1.27 -1.15  1.01  1.48  0.10 -1.23  0.87
2014 08  4.00  7.04  9.55 13.17 15.30 13.87 16.74 18.75 18.56 17.12 13.78 18.92 19.55 19.04 17.12 14.73  2.17  2.78  2.65  0.86  1.35  1.89  2.62  1.70  3.53  1.70  2.06  1.06  0.71  1.04
2014 09  2.79  4.41  5.89  9.75 12.53 11.55 13.73 16.18 15.29 12.64  8.00 15.33 17.19 17.75 17.00 14.56  0.56  1.24  1.09 -1.04  0.40  0.76  1.15  0.05  0.48  0.58  1.42  1.01  1.21  1.45
2014 10  0.98  2.02  2.86  5.57  8.88  9.67  9.77 13.06 11.83  8.53  5.01 11.35 13.78 14.97 14.80 13.39  0.26  0.56  0.72 -0.65 -0.35  0.65  1.16  0.21  0.58  0.59  1.56  1.45  1.54  1.73
2014 11  0.05  0.74  1.11  2.57  5.75   -99  7.54   -99  7.69  4.41  2.13  6.36  8.66 10.69 11.02 11.25  0.19  0.40  0.89   -99  0.83   -99  0.84  0.08  0.21 -0.22  0.70  1.38  1.49  1.91
2014 12   -99   -99   -99   -99  2.34  5.68   -99   -99   -99   -99 -0.35   -99   -99  7.32  6.91   -99   -99   -99  0.23 -0.48   -99   -99   -99   -99 -0.37   -99   -99  1.64  1.03   -99
2015 01   -99   -99   -99   -99   -99   -99  2.11   -99   -99   -99   -99   -99   -99   -99   -99   -99   -99   -99   -99   -99 -0.06   -99   -99   -99   -99   -99   -99   -99   -99   -99
2015 02   -99   -99   -99   -99   -99  3.04  1.46   -99   -99   -99   -99   -99   -99   -99  1.69   -99   -99   -99   -99 -0.76 -0.12   -99   -99   -99   -99   -99   -99   -99  0.46   -99
2015 03   -99   -99   -99   -99   -99   -99   -99   -99   -99   -99 -1.06   -99  0.87  1.27  0.40  2.35   -99   -99   -99   -99   -99   -99   -99   -99 -0.57   -99  0.28 -0.03 -0.51  0.04
2015 04   -99   -99   -99   -99 -1.02  1.70  1.60  2.35  0.61 -0.96  1.28   -99  1.40  1.87  0.97  2.99   -99   -99 -1.57 -2.20 -0.19 -0.07 -0.31 -0.94  0.05   -99  0.10 -0.28 -0.98 -0.26
2015 05   -99   -99 -0.35  0.40  1.08  2.73  3.71  4.51  3.19  2.54  4.89  2.32  3.83  5.18  4.93  5.28 -0.64 -0.38 -0.62 -2.55  0.15 -0.09  0.08 -0.55  0.41 -0.37  0.15  0.37  0.04 -0.28
2015 06   -99  1.44  2.39  3.57  4.32  4.95  7.00  7.55  6.51  7.72  8.51  6.44  7.46  9.02  9.23  8.30  0.51  0.24 -0.39 -2.56 -0.01 -0.75 -0.60 -0.62  0.30 -1.18 -0.52 -0.14 -0.14 -0.36
2015 07  1.69   -99   -99   -99  8.46   -99  9.39 11.19 11.27 13.00 10.98 12.97 13.07 15.05 15.09 12.66   -99   -99 -1.27   -99 -3.60 -2.77 -1.29 -0.61  0.29 -0.88 -0.91  0.10  0.85  0.42
2015 08  3.52  4.74  7.06  9.90 11.83 11.79 15.35 16.17 15.08 16.48 11.99 17.41 17.25 18.40 18.03 15.00 -0.32 -0.49 -0.82 -1.22 -0.04 -0.69 -0.86  1.06  1.74  0.19 -0.24  0.42  1.62  1.31
2015 09  2.38  3.85  4.74  7.55 11.09 11.80 14.53 16.23 15.48 14.02  9.20 15.99 17.06 18.16 18.19 14.83 -0.59 -0.96 -0.35 -0.79  1.20  0.81  1.34  1.43  1.68  1.24  1.29  1.42  2.40  1.72
2015 10  1.06  2.05  2.79  4.43  8.15  9.81  9.97 13.28 11.47  8.81  4.83 11.44 13.63 14.93 14.82 12.48  0.19 -0.58 -0.01 -0.51 -0.15  0.87  0.80  0.49  0.40  0.68  1.41  1.41  1.56  0.82
2015 11 -0.59  0.10  0.54  1.68  3.72  6.24  5.24  8.77  7.00  4.31  2.42  6.30  8.88 10.25 10.57 10.43 -0.38 -0.49 -1.14 -2.06 -1.47 -0.07  0.15 -0.02  0.50 -0.28  0.92  0.94  1.04  1.09
2015 12   -99   -99   -99  0.10  1.70   -99  2.51   -99  4.53  1.93  0.78  4.23   -99  7.28  6.87  7.96   -99 -0.65 -0.41   -99 -1.31   -99  0.83  0.37  0.76  1.01   -99  1.60  0.99  1.18
2016 01   -99   -99   -99   -99  0.00  3.19  0.85   -99   -99 -0.27   -99   -99  3.52  4.74  4.39  5.76   -99   -99 -0.52 -1.15 -1.32   -99   -99  0.04   -99   -99  1.53  1.80  1.78  1.67
2016 02   -99   -99   -99   -99   -99   -99  0.06  1.29   -99   -99   -99   -99  1.61  2.66  2.47  3.82   -99   -99   -99   -99 -1.52 -0.80   -99   -99   -99   -99  0.57  0.99  1.24  1.13
2016 03   -99   -99   -99   -99 -1.12  2.73  0.85  1.20  0.71 -1.43 -0.80 -0.49  1.67  2.73  2.40  3.71   -99   -99 -1.44 -0.94 -0.21 -0.41  0.42 -0.40 -0.31  0.04  1.08  1.43  1.49  1.40
2016 04   -99   -99   -99   -99 -0.57  3.67  0.99  1.97  1.26 -0.21  1.72  0.43  2.22  3.40  3.33  4.79   -99   -99 -1.12 -0.23 -0.80 -0.45  0.34 -0.19  0.49  0.22  0.92  1.25  1.38  1.54
2016 05   -99   -99   -99  0.58  1.17  3.83  3.02  4.17  3.69  4.23  5.89  3.45  4.60  6.01  6.01  6.96   -99 -0.20 -0.53 -1.45 -0.54 -0.43  0.58  1.14  1.41  0.76  0.92  1.20  1.12  1.40
2016 06  0.88  2.49  1.82  3.03  4.17   -99  6.80  8.63  8.21  8.05  9.76  7.74  9.17  9.82 10.54 10.41 -0.06 -0.30 -0.54   -99 -0.21  0.33  1.10 -0.29  1.55  0.12  1.19  0.66  1.17  1.75
2016 07  2.37  5.45  5.53  8.03  8.95   -99 12.43 14.11 13.07 13.60 11.30 14.25 14.33 15.13 15.11 13.90  0.23  0.36 -0.78   -99 -0.56  0.15  0.51 -0.01  0.61  0.40  0.35  0.18  0.87  1.66
2016 08  4.29  6.45  6.94 10.77 13.01 12.94 14.85 17.29 16.87 16.11 11.43 18.15 18.53 18.94 17.73 14.82 -0.44  0.38  0.36 -0.07 -0.54  0.43  0.93  0.69  1.18  0.93  1.04  0.96  1.32  1.13
2016 09  2.22  3.96  4.52  7.67 10.42 11.52 13.40 15.96 13.83 12.73  8.99 14.75 17.15 18.26 17.20 14.85 -0.81 -0.84 -1.02 -1.07  0.07  0.54 -0.31  0.14  1.47  0.00  1.38  1.52  1.41  1.74
2016 10  0.97  1.98  2.25  4.42  6.90  8.42  8.91 12.65 10.55  8.63  6.00 10.16 12.63 14.16 14.02 13.08 -0.35 -0.59 -1.26 -1.90 -1.21  0.24 -0.12  0.31  1.57 -0.60  0.41  0.64  0.76  1.42
2016 11 -0.25  0.40  0.83  2.57  6.03   -99  8.24 11.42  8.83  5.67   -99  7.89  9.29 10.58 10.62 10.81 -0.09  0.40  1.17   -99  1.53  2.58  1.98  1.34   -99  1.31  1.33  1.27  1.09  1.47
2016 12   -99   -99   -99   -99  2.06   -99  3.47   -99   -99  1.81  0.95   -99   -99  6.05  6.05   -99   -99   -99 -0.05   -99 -0.35   -99   -99  0.25  0.93   -99   -99  0.37  0.17   -99
2017 01   -99   -99   -99   -99  0.31   -99  1.68  3.23  1.67   -99   -99  1.48  2.70  4.10  3.60  5.43   -99   -99 -0.21   -99 -0.49  0.08  0.09   -99   -99  0.54  0.71  1.16  0.99  1.34
2017 02   -99   -99   -99   -99   -99   -99  0.84  2.23   -99   -99   -99 -0.24  1.68  2.92  1.89  3.29   -99   -99   -99   -99 -0.74  0.14   -99   -99   -99  0.17  0.64  1.25  0.66  0.60
2017 03   -99   -99   -99   -99 -1.19   -99  0.27  1.47  0.14   -99 -1.30 -1.17  0.64  1.44  0.89  2.97   -99   -99 -1.51   -99 -0.79 -0.14 -0.15   -99 -0.81 -0.64  0.05  0.14 -0.02  0.66
2017 04   -99   -99   -99 -1.25 -0.42  4.29  1.29  2.10  1.03 -0.26  0.98  0.16  2.05  2.40  1.53  3.14   -99 -0.90 -0.97  0.39 -0.50 -0.32  0.11 -0.24 -0.25 -0.05  0.75  0.25 -0.42 -0.11
2017 05   -99   -99   -99   -99  0.79  5.32  2.30  3.55  2.97  3.33  4.81  2.94  3.93  5.26  5.50  5.99   -99   -99 -0.91  0.04 -1.26 -1.05 -0.14  0.24  0.33  0.25  0.25  0.45  0.61  0.43
2017 06  0.50   -99  1.73  2.22  2.88  5.70  3.90  6.25  6.02  8.98  9.15  7.75  6.91  8.60  9.41  9.04 -0.15 -1.11 -1.83 -1.81 -3.11 -2.05 -1.09  0.64  0.94  0.13 -1.07 -0.56  0.04  0.38
2017 07  2.33  4.67  5.35  7.89  9.72  9.70 11.64 13.23 12.28 13.99  9.86 15.44 14.63 15.17 14.36 12.59  0.05  0.22 -0.01 -1.58 -1.35 -0.73 -0.28  0.38 -0.83  1.59  0.65  0.22  0.12  0.35
2017 08  3.02  5.36  7.55 10.78 13.30 13.29 14.40 16.24 16.47 15.40  9.45 18.27 18.20 18.42 17.25 13.87  0.17  0.39  0.65  0.28 -0.99 -0.62  0.53 -0.02 -0.80  1.05  0.71  0.44  0.84  0.18
2017 09  2.22  4.11  5.91  9.24 11.90 12.37 12.19 15.49 14.49 13.73  9.33 15.79 15.74 16.57 16.38 13.73  0.58  0.73  0.46 -0.22 -1.14  0.07  0.35  1.14  1.81  1.04 -0.03 -0.17  0.59  0.62
2017 10  0.83  1.56  2.23  4.43  7.10  9.19  7.87 12.22 11.52  8.87  5.31 11.93 13.35 15.00 15.79 13.19 -0.37 -0.58 -1.06 -1.13 -2.25 -0.19  0.85  0.55  0.88  1.17  1.13  1.48  2.53  1.53
2017 11 -0.39  0.33  0.78  1.99  4.28  7.30  5.17  8.60  8.20  4.61  1.85  7.43  9.57 11.31 12.24 11.18 -0.14 -0.18 -0.58 -1.00 -1.54 -0.24  1.35  0.28 -0.07  0.85  1.61  2.00  2.71  1.84
2017 12 -1.47 -1.13 -0.63  0.19  1.58  4.99  2.99  4.23   -99  0.93 -0.61  3.18  4.58   -99   -99   -99 -0.71 -0.56 -0.53 -1.17 -0.83 -1.14   -99 -0.63 -0.63 -0.04  0.01   -99   -99   -99
2018 01   -99   -99   -99   -99  0.10  3.41  1.30   -99   -99   -99   -99   -99   -99  3.71  3.54  5.88   -99   -99 -0.42 -0.93 -0.87   -99   -99   -99   -99   -99   -99  0.77  0.93  1.79
2018 02   -99   -99   -99   -99 -0.51  2.73  0.66  2.47  0.92   -99   -99   -99  1.25  3.10  2.13  3.96   -99   -99 -0.73 -1.07 -0.92  0.38  0.14   -99   -99   -99  0.21  1.43  0.90  1.27
2018 03   -99   -99   -99   -99 -0.78  2.95  0.35  2.13  0.46 -1.42 -1.30 -0.94  1.22  2.79  2.73  3.36   -99   -99 -1.10 -0.72 -0.71  0.52  0.17 -0.39 -0.81 -0.41  0.63  1.49  1.82  1.05
2018 04   -99   -99   -99 -1.43 -0.54  2.49  1.10  2.76  1.03 -0.79  0.05 -0.15  2.15  3.68  3.24  4.08   -99 -1.08 -1.09 -1.41 -0.69  0.34  0.11 -0.77 -1.18 -0.36  0.85  1.53  1.29  0.83
2018 05   -99   -99 -0.72 -0.18  1.28  3.69  3.44  5.03  3.13  2.46  4.27  2.19  4.04  5.79  6.03  6.57 -1.01 -0.96 -0.42 -1.59 -0.12  0.43  0.02 -0.63 -0.21 -0.50  0.36  0.98  1.14  1.01
2018 06   -99  0.59  0.34  1.52  2.60  5.51  4.64  5.84  5.28  6.83  8.01  5.78  6.44  8.60  9.15  9.72 -1.54 -1.81 -2.11 -2.00 -2.37 -2.46 -1.83 -1.51 -0.20 -1.84 -1.54 -0.56 -0.22  1.06
2018 07  1.29  3.58  5.03  7.34  7.30  8.31 13.26 13.88 10.54 13.56 10.67 13.57 12.13 14.72 15.38 14.01 -0.27 -0.33 -2.43 -2.97  0.27 -0.08 -2.02 -0.05 -0.02 -0.28 -1.85 -0.23  1.14  1.77
2018 08  2.68  5.51  6.60 11.15 13.76 14.38 17.24 19.03 17.22 16.54 10.92 19.57 19.21 19.81 18.43 16.35 -0.78  0.76  1.11  1.37  1.85  2.17  1.28  1.12  0.67  2.35  1.72  1.83  2.02  2.66
2018 09  1.82  2.95  3.80  8.25 12.10 14.01 13.53 16.52 15.24 12.84  7.88 16.13 17.58 18.61 18.41 15.36 -1.53 -0.26  0.66  1.42  0.20  1.10  1.10  0.25  0.36  1.38  1.81  1.87  2.62  2.25
2018 10  0.56  1.33  1.69  4.14  8.06 10.58  8.79 12.02 10.66  7.50  3.70 10.28 11.97 14.20 14.08 13.11 -0.91 -0.87 -0.10  0.26 -1.33 -0.39 -0.01 -0.82 -0.73 -0.48 -0.25  0.68  0.82  1.45
2018 11 -0.59   -99  0.24  1.30  2.97  5.34  5.35  6.27  5.12  3.02   -99  5.10  6.54  8.26  7.80  8.94 -0.68 -0.87 -1.89 -2.96 -1.36 -2.57 -1.73 -1.31   -99 -1.48 -1.42 -1.05 -1.73 -0.40
2018 12   -99   -99   -99   -99   -99  4.07  2.99  3.38  2.37  0.37 -1.37  1.69  3.52  4.43  4.18  5.50   -99   -99   -99 -2.09 -0.83 -1.99 -1.33 -1.19 -1.39 -1.53 -1.05 -1.25 -1.70 -1.28
2019 01   -99   -99   -99   -99  0.62  2.09  2.11  2.76  1.25   -99   -99  0.22  1.75  2.67  1.69  3.45   -99   -99  0.10 -2.25 -0.06 -0.39 -0.33   -99   -99 -0.72 -0.24 -0.27 -0.92 -0.64
2019 02   -99   -99   -99   -99   -99   -99   -99   -99   -99   -99   -99   -99   -99  1.00  1.05  2.74   -99   -99   -99   -99   -99   -99   -99   -99   -99   -99   -99 -0.67 -0.18  0.05
2019 03   -99   -99   -99   -99 -1.50  2.24 -0.41  0.81 -0.61   -99 -0.43 -1.39 -0.28  0.55 -0.06  2.31   -99   -99 -1.82 -1.43 -1.47 -0.80 -0.90   -99  0.06 -0.86 -0.87 -0.75 -0.97 -0.00
2019 04   -99   -99 -1.47 -1.56 -0.86  3.42  0.18  1.44 -0.11 -0.81  1.81 -0.77  0.63  1.60  1.60  3.50 -0.66 -1.21 -1.41 -0.48 -1.61 -0.98 -1.03 -0.79  0.58 -0.98 -0.67 -0.55 -0.35  0.25
2019 05   -99   -99   -99  0.20  0.61  3.74  2.35  3.40  2.52  2.77  5.20  2.16  2.57  4.05  4.59  5.51   -99 -0.58 -1.09 -1.54 -1.21 -1.20 -0.59 -0.32  0.72 -0.53 -1.11 -0.76 -0.30 -0.05
2019 06   -99   -99   -99  3.77  3.38   -99  5.84  7.04  6.61  8.52  8.84  7.30  7.33  8.74  8.58  8.30   -99  0.44 -1.33   -99 -1.17 -1.26 -0.50  0.18  0.63 -0.32 -0.65 -0.42 -0.79 -0.36
2019 07  2.62  4.44   -99  7.73  8.49  9.91 11.28 12.01 11.21 13.38 11.12 13.13 12.93 14.85 15.16 12.52   -99  0.06 -1.24 -1.37 -1.71 -1.95 -1.35 -0.23  0.43 -0.72 -1.05 -0.10  0.92  0.28
2019 08  3.70  5.71  6.78 10.61 13.33 12.87 15.27 16.83 16.60 16.31  9.79 18.45 18.10 18.72 17.58 14.21 -0.60  0.22  0.68 -0.14 -0.12 -0.03  0.66  0.89 -0.46  1.23  0.61  0.74  1.17  0.52
2019 09  2.70  3.99  4.56  7.63 11.24 13.63 13.33 15.14 12.56 10.50  6.78 11.21 13.18 13.69 14.31 13.28 -0.77 -0.88 -0.20  1.04 -0.00 -0.28 -1.58 -2.09 -0.74 -3.54 -2.59 -3.05 -1.48  0.17
2019 10  1.26  2.33  2.72  4.15  6.57  9.25  7.95 10.58  9.61  7.57  4.95  9.27 10.69 12.02 12.08 11.68  0.12 -0.86 -1.59 -1.07 -2.17 -1.83 -1.06 -0.75  0.52 -1.49 -1.53 -1.50 -1.18  0.02
2019 11   -99  0.85  1.20  2.49  4.56  8.13  5.37   -99   -99  4.26  1.62  6.92  8.77 10.38 10.47 10.36  0.28  0.32 -0.30 -0.17 -1.34   -99   -99 -0.07 -0.30  0.34  0.81  1.07  0.94  1.02
2019 12   -99   -99 -0.19   -99   -99   -99   -99   -99   -99  1.01 -0.98   -99   -99   -99  6.33   -99 -0.27   -99   -99   -99   -99   -99   -99 -0.55 -1.00   -99   -99   -99  0.45   -99
2020 01   -99   -99   -99   -99   -99   -99   -99   -99   -99   -99   -99   -99   -99   -99   -99   -99   -99   -99   -99   -99   -99   -99   -99   -99   -99   -99   -99   -99   -99   -99
2020 02   -99   -99   -99   -99   -99   -99   -99   -99  0.24   -99   -99   -99  0.96  1.37  1.39  3.56   -99   -99   -99   -99   -99   -99 -0.54   -99   -99   -99 -0.08 -0.30  0.16  0.87
2020 03   -99   -99   -99   -99   -99   -99   -99   -99   -99   -99 -1.07   -99  1.04  2.01  1.35  3.53   -99   -99   -99   -99   -99   -99   -99   -99 -0.58   -99  0.45  0.71  0.44  1.22
