1969 1  17 133  81 1969-01-17 1969-05-13
1969 2 -99 -99   0  
1969 3 -99 153 -99 1969-01-31 1969-06-02
1969 4 102 152  51 1969-04-12 1969-06-01
1970 1  12 127 116 1970-01-12 1970-05-07
1970 2  52 109  58 1970-02-21 1970-04-19
1970 3  18 194 177 1970-01-18 1970-07-13
1970 4  29 171 129 1970-01-29 1970-06-20
1971 1  -2 100 103 1970-12-29 1971-04-10
1971 2  32  91  57 1971-02-01 1971-04-01
1971 3 -99 169 -99 1971-01-15 1971-06-18
1971 4  16 146 131 1971-01-16 1971-05-26
1972 1  -5 142 148 1971-12-26 1972-05-21
1972 2  26 140 111 1972-01-26 1972-05-19
1972 3   0 191 192 1971-12-31 1972-07-09
1972 4  17 187 171 1972-01-17 1972-07-05
1973 1 -12 136 149 1972-12-19 1973-05-16
1973 2  16 131 116 1973-01-16 1973-05-11
1973 3 -12 161 174 1972-12-19 1973-06-10
1973 4 -12 159 172 1972-12-19 1973-06-08
1974 1   3 177 175 1974-01-03 1974-06-26
1974 2  31 117  87 1974-01-31 1974-04-27
1974 3   4 191 188 1974-01-04 1974-07-10
1974 4  10 189 180 1974-01-10 1974-07-08
1975 1   4 162 159 1975-01-04 1975-06-11
1975 2  33 131  99 1975-02-02 1975-05-11
1975 3   3 185 183 1975-01-03 1975-07-04
1975 4  24 177 154 1975-01-24 1975-06-26
1976 1  -2 126 129 1975-12-29 1976-05-05
1976 2  36 101  66 1976-02-05 1976-04-10
1976 3   3 156 154 1976-01-03 1976-06-04
1976 4  20 144 124 1976-01-20 1976-05-23
1977 1 -14 120 135 1976-12-17 1977-04-30
1977 2  11 125 115 1977-01-11 1977-05-05
1977 3 -10 163 174 1976-12-21 1977-06-12
1977 4  31 140 110 1977-01-31 1977-05-20
1978 1   1 138 138 1978-01-01 1978-05-18
1978 2  42 123  75 1978-02-11 1978-05-03
1978 3   2 187 186 1978-01-02 1978-07-06
1978 4  32 145 114 1978-02-01 1978-05-25
1979 1 -22 117 139 1978-12-09 1979-04-27
1979 2  39 104  66 1979-02-08 1979-04-14
1979 3 -26 160 187 1978-12-05 1979-06-09
1979 4  16 130 101 1979-01-16 1979-05-10
1980 1   6 112 107 1980-01-06 1980-04-21
1980 2  31 115  85 1980-01-31 1980-04-24
1980 3 -13 157 170 1979-12-18 1980-06-05
1980 4  21 132 112 1980-01-21 1980-05-11
1981 1  -8  83  92 1980-12-23 1981-03-24
1981 2  18  68  51 1981-01-18 1981-03-09
1981 3  -4 160 165 1980-12-27 1981-06-09
1981 4  20  68  49 1981-01-20 1981-03-09
1982 1  11 144 134 1982-01-11 1982-05-24
1982 2  36 111  76 1982-02-05 1982-04-21
1982 3  15 175 161 1982-01-15 1982-06-24
1982 4  37 163 102 1982-02-06 1982-06-12
1983 1   3 118 116 1983-01-03 1983-04-28
1983 2  83  96  14 1983-03-24 1983-04-06
1983 3 -15 183 199 1982-12-16 1983-07-02
1983 4   5 154 150 1983-01-05 1983-06-03
1984 1  -5 141 147 1983-12-26 1984-05-20
1984 2  43  91  49 1984-02-12 1984-03-31
1984 3 -10 190 201 1983-12-21 1984-07-08
1984 4   3 169 166 1984-01-03 1984-06-17
1985 1  -3 160 164 1984-12-28 1985-06-09
1985 2  18 113  96 1985-01-18 1985-04-23
1985 3 -13 200 214 1984-12-18 1985-07-19
1985 4  -2 186 189 1984-12-29 1985-07-05
1986 1  -9 140 150 1985-12-22 1986-05-20
1986 2  20 110  86 1986-01-20 1986-04-20
1986 3   4 161 158 1986-01-04 1986-06-10
1986 4  18 132 115 1986-01-18 1986-05-12
1987 1 -14 128 143 1986-12-17 1987-05-08
1987 2  39 118  80 1987-02-08 1987-04-28
1987 3 -19 168 188 1986-12-12 1987-06-17
1987 4  11 138 128 1987-01-11 1987-05-18
1988 1   1 127 127 1988-01-01 1988-05-06
1988 2  34 106  73 1988-02-03 1988-04-15
1988 3   2 171 170 1988-01-02 1988-06-19
1988 4  20 141 102 1988-01-20 1988-05-20
1989 1  -7 126 134 1988-12-24 1989-05-06
1989 2  31 118  88 1989-01-31 1989-04-28
1989 3  -5 159 162 1988-12-26 1989-06-08
1989 4  18 132 115 1989-01-18 1989-05-12
1990 1 -21 157 179 1989-12-10 1990-06-06
1990 2   7 114 108 1990-01-07 1990-04-24
1990 3   1 178 178 1990-01-01 1990-06-27
1990 4  11 151 141 1990-01-11 1990-05-31
1991 1  -1 179 166 1990-12-30 1991-06-28
1991 2  23 125 103 1991-01-23 1991-05-05
1991 3  -7 213 221 1990-12-24 1991-08-01
1991 4   2 180 179 1991-01-02 1991-06-29
1992 1  -4 141 146 1991-12-27 1992-05-20
1992 2  26 134 105 1992-01-26 1992-05-13
1992 3  -8 187 196 1991-12-23 1992-07-05
1992 4  -1 183 185 1991-12-30 1992-07-01
1993 1  -5 159 147 1992-12-26 1993-06-08
1993 2  26 124  99 1993-01-26 1993-05-04
1993 3 -12 172 185 1992-12-19 1993-06-21
1993 4  -2 160 163 1992-12-29 1993-06-09
1994 1  -3 157 161 1993-12-28 1994-06-06
1994 2  20 112  93 1994-01-20 1994-04-22
1994 3 -10 174 185 1993-12-21 1994-06-23
1994 4  14 166 153 1994-01-14 1994-06-15
1995 1   5 146 142 1995-01-05 1995-05-26
1995 2  44 133  90 1995-02-13 1995-05-13
1995 3   2 163 162 1995-01-02 1995-06-12
1995 4  12 161 150 1995-01-12 1995-06-10
1996 1   2 118 117 1996-01-02 1996-04-27
1996 2  36 103  65 1996-02-05 1996-04-12
1996 3   9 170 162 1996-01-09 1996-06-18
1996 4  21 105  85 1996-01-21 1996-04-14
1997 1   5 150 146 1997-01-05 1997-05-30
1997 2  49 121  73 1997-02-18 1997-05-01
1997 3  17 167 151 1997-01-17 1997-06-16
1997 4  31 153 123 1997-01-31 1997-06-02
1998 1   3 132 130 1998-01-03 1998-05-12
1998 2 -99 -99   0  
1998 3   6 167 162 1998-01-06 1998-06-16
1998 4  26 141 116 1998-01-26 1998-05-21
1999 1   3 128 126 1999-01-03 1999-05-08
1999 2  43  97  45 1999-02-12 1999-04-07
1999 3   7 176 170 1999-01-07 1999-06-25
1999 4  26 141 116 1999-01-26 1999-05-21
2000 1  11  88  78 2000-01-11 2000-03-28
2000 2  43  77  35 2000-02-12 2000-03-17
2000 3   2 169 168 2000-01-02 2000-06-17
2000 4  22 133 112 2000-01-22 2000-05-12
2001 1  11 135 125 2001-01-11 2001-05-15
2001 2  52 104  53 2001-02-21 2001-04-14
2001 3  17 154 138 2001-01-17 2001-06-03
2001 4  31 147 117 2001-01-31 2001-05-27
2002 1  17 105  89 2002-01-17 2002-04-15
2002 2  48  88  41 2002-02-17 2002-03-29
2002 3  15 193 179 2002-01-15 2002-07-12
2002 4  27 142 116 2002-01-27 2002-05-22
2003 1   4 152 149 2003-01-04 2003-06-01
2003 2  30 117  88 2003-01-30 2003-04-27
2003 3   7 155 149 2003-01-07 2003-06-04
2003 4  39 139 101 2003-02-08 2003-05-19
2004 1   8 123 116 2004-01-08 2004-05-02
2004 2  27 121  95 2004-01-27 2004-04-30
2004 3  24 152 124 2004-01-24 2004-05-31
2004 4  51 133  83 2004-02-20 2004-05-12
2005 1   5 113 109 2005-01-05 2005-04-23
2005 2  47 116  70 2005-02-16 2005-04-26
2005 3   5 142 138 2005-01-05 2005-05-22
2005 4  21 126 106 2005-01-21 2005-05-06
2006 1  26 113  88 2006-01-26 2006-04-23
2006 2  64  84  15 2006-03-05 2006-03-25
2006 3   7 134 128 2006-01-07 2006-05-14
2006 4  35 109  71 2006-02-04 2006-04-19
2007 1  22 147 126 2007-01-22 2007-05-27
2007 2  39  91  53 2007-02-08 2007-04-01
2007 3  20 185 166 2007-01-20 2007-07-04
2007 4  31 164 134 2007-01-31 2007-06-13
2008 1   7 130 124 2008-01-07 2008-05-09
2008 2  47 127  75 2008-02-16 2008-05-06
2008 3   7 154 142 2008-01-07 2008-06-02
2008 4  17 140 118 2008-01-17 2008-05-19
2009 1   7 116 110 2009-01-07 2009-04-26
2009 2  27 102  76 2009-01-27 2009-04-12
2009 3  13 182 170 2009-01-13 2009-07-01
2009 4  22 157 136 2009-01-22 2009-06-06
2010 1  20  89  68 2010-01-20 2010-03-30
2010 2 -99 -99   0  
2010 3  27 177 151 2010-01-27 2010-06-26
2010 4  91 105  15 2010-04-01 2010-04-15
2011 1  28 103  76 2011-01-28 2011-04-13
2011 2 -99 -99   0  
2011 3  40 140  98 2011-02-09 2011-05-20
2011 4  70 114  45 2011-03-11 2011-04-24
2012 1  15 122 104 2012-01-15 2012-05-01
2012 2 -99 -99   0  
2012 3   7 159 153 2012-01-07 2012-06-07
2012 4  37 137 101 2012-02-06 2012-05-16
2013 1  19 110  92 2013-01-19 2013-04-20
2013 2  54 106  51 2013-02-23 2013-04-16
2013 3  17 189 155 2013-01-17 2013-07-08
2013 4  38 130  93 2013-02-07 2013-05-10
2014 1 -10 160 171 2013-12-21 2014-06-09
2014 2  35 110  76 2014-02-04 2014-04-20
2014 3  -5 160 166 2013-12-26 2014-06-09
2014 4   7 160 154 2014-01-07 2014-06-09
2015 1   7 131 125 2015-01-07 2015-05-11
2015 2  35 129  95 2015-02-04 2015-05-09
2015 3   2 165 164 2015-01-02 2015-06-14
2015 4  14 144 131 2015-01-14 2015-05-24
2016 1  23  94  72 2016-01-23 2016-04-03
2016 2 -99 -99   0  
2016 3   0 185 186 2015-12-31 2016-07-03
2016 4  23 145 123 2016-01-23 2016-05-24
2017 1  17 164 139 2017-01-17 2017-06-13
2017 2  68  91  24 2017-03-09 2017-04-01
2017 3   0 169 170 2016-12-31 2017-06-18
2017 4  24 172 149 2017-01-24 2017-06-21
2018 1   0 116 116 2017-12-31 2018-04-26
2018 2  38  71  34 2018-02-07 2018-03-12
2018 3  10 179 170 2018-01-10 2018-06-28
2018 4  31 151 113 2018-01-31 2018-05-31
2019 1  -2 132 135 2018-12-29 2019-05-12
2019 2  35 104  70 2019-02-04 2019-04-14
2019 3   3 170 168 2019-01-03 2019-06-19
2019 4  32 132 101 2019-02-01 2019-05-12
