1969.0438 1969-01-17   9.7   0.0   0.1   0.0
1969.0630 1969-01-24  13.5   0.0   8.6   0.2
1969.0822 1969-01-31  21.8   0.0  20.6   0.1
1969.1014 1969-02-07  42.0   0.0  47.0   0.6
1969.1205 1969-02-14  34.0   0.0  39.1   0.1
1969.1342 1969-02-19  44.0   0.0   1.0   0.0
1969.1534 1969-02-26  43.0   0.0  61.3   0.6
1969.1781 1969-03-07  21.4   0.0  60.3   0.9
1969.1973 1969-03-14  15.1   0.0  21.3   0.1
1969.2164 1969-03-21  29.5   0.0  53.4   9.3
1969.2356 1969-03-28  10.0   0.0  52.7   5.4
1969.2548 1969-04-04   4.1   0.0  62.8   5.0
1969.2740 1969-04-11   1.6   0.0  81.1   6.7
1969.2822 1969-04-14   1.9   0.0  85.8  14.1
1969.3014 1969-04-21   1.4   0.0  77.8  37.3
1969.3205 1969-04-28   1.1   0.0  63.5  45.3
1969.3397 1969-05-05   3.6   0.0  35.2  34.9
1969.3589 1969-05-12   4.9   0.0  31.0  26.6
1969.3781 1969-05-19   0.6   0.0  27.7  22.5
1969.3973 1969-05-26   0.0   0.0  34.1  12.2
1969.4164 1969-06-02   0.0   0.0  11.2   4.2
1969.4192 1969-06-03   -99   -99   -99   -99   -99        -99   -99   -99   -99
1970.0301 1970-01-12  27.3   0.0   2.4   0.0
1970.0411 1970-01-16  20.7   0.0   9.2   0.0
1970.0603 1970-01-23  55.7   0.0  20.2   5.5
1970.0795 1970-01-30  81.0   0.0  53.0  16.0
1970.0986 1970-02-06  41.8   0.2  53.9   8.9
1970.1178 1970-02-13  26.6   0.0  47.5   4.2
1970.1370 1970-02-20 106.3   2.3 103.5  65.6
1970.1562 1970-02-27 137.2   5.7 116.4  83.5
1970.1699 1970-03-04 124.3   2.3 110.6  55.6
1970.1890 1970-03-11  88.3   3.2   4.8  54.3
1970.2082 1970-03-18  47.3   1.5  61.2  46.6
1970.2274 1970-03-25  42.5   5.4  52.5  50.8
1970.2466 1970-04-01  30.6   4.5  51.6  39.7
1970.2658 1970-04-08  20.9  10.9  91.9  54.1
1970.2849 1970-04-15   8.6   1.3  67.0  42.4
1970.3041 1970-04-22  13.2   0.0  39.9  21.8
1970.3233 1970-04-29  10.8   0.0  41.9  22.4
1970.3425 1970-05-06   4.1   0.0  48.3  32.6
1970.3616 1970-05-13   2.7   0.0  72.6  36.9
1970.3808 1970-05-20   2.6   0.0  57.9  22.4
1970.4000 1970-05-27   0.4   0.0  62.9  18.1
1970.4192 1970-06-03   1.1   0.0  65.8  19.7
1970.4384 1970-06-10   0.0   0.0  47.4  14.1
1970.4575 1970-06-17   0.0   0.0  45.7   6.5
1970.4767 1970-06-24   0.0   0.0  47.5   2.2
1970.4959 1970-07-01   0.0   0.0  29.4   0.1
1970.5151 1970-07-08   0.0   0.0  16.0   0.0
1970.5370 1970-07-16   0.0   0.0   0.2   0.0
1970.5397 1970-07-17   -99   -99   -99   -99   -99        -99   -99   -99   -99
1970.9699 1970-12-21   7.0   0.0   4.0   0.1
1970.9945 1970-12-30  10.4   0.0   5.3   0.2
1971.0192 1971-01-08  15.3   0.0   2.5   0.0
1971.0384 1971-01-15  72.2   0.0  59.9  11.1
1971.0575 1971-01-22  84.5   0.0  43.0  22.8
1971.0767 1971-01-29  77.8   0.0  47.9  16.7
1971.0959 1971-02-05 167.5   7.9  99.3  54.6
1971.1151 1971-02-12 143.9   1.9 129.0  39.7
1971.1342 1971-02-19 151.2  10.4 107.4  87.8
1971.1534 1971-02-26 182.1   5.3  89.5 142.3
1971.1726 1971-03-05 172.4   4.7 122.2 170.5
1971.1918 1971-03-12 114.2   0.0  92.4 127.9
1971.2110 1971-03-19  73.3   8.0  97.8 113.8
1971.2301 1971-03-26  35.0   4.3  78.4  83.7
1971.2493 1971-04-02  19.6   0.5  47.0  49.3
1971.2740 1971-04-11   4.0   0.0  70.7  43.8
1971.2877 1971-04-16   2.2   0.0  86.9  34.6
1971.3068 1971-04-23   0.3   0.0  86.9  29.4
1971.3260 1971-04-30   1.5   0.0  55.7  17.3
1971.3452 1971-05-07   1.8   0.0  50.3  17.0
1971.3644 1971-05-14   1.0   0.0  46.6   9.4
1971.3836 1971-05-21   0.0   0.0  42.8   8.8
1971.4027 1971-05-28   0.0   0.0  37.0   3.1
1971.4219 1971-06-04   0.0   0.0  30.3   0.3
1971.4411 1971-06-11   0.0   0.0  42.2   0.7
1971.4603 1971-06-18   0.0   0.0  26.1   0.0
1971.4630 1971-06-19   -99   -99   -99   -99   -99        -99   -99   -99   -99
1971.9753 1971-12-23   2.7   0.0   5.5   0.5
1971.9973 1971-12-31  36.9   0.0  20.5   1.0
1972.0137 1972-01-06  50.4   0.0  24.2   7.0
1972.0355 1972-01-14  70.0   0.0   0.6   0.0
1972.0546 1972-01-21  56.6   0.0  68.2  34.5
1972.0738 1972-01-28 120.3   4.6  93.5  60.1
1972.0929 1972-02-04 162.0   6.4 115.4 106.2
1972.1120 1972-02-11 172.1  24.7 119.6 141.2
1972.1311 1972-02-18 131.0  12.4 110.7 162.1
1972.1503 1972-02-25 177.1  19.8 110.4 152.2
1972.1776 1972-03-06 208.0  25.9  95.1 199.8
1972.1967 1972-03-13 202.5  27.0 106.4 185.8
1972.2158 1972-03-20 153.7  17.7  92.7 183.6
1972.2350 1972-03-27 192.7   7.1  86.9 176.1
1972.2541 1972-04-03 141.8   1.6  66.6 136.4
1972.2732 1972-04-10 142.6   1.0 102.9  87.6
1972.2923 1972-04-17 118.6   2.6  68.0  76.1
1972.3115 1972-04-24  96.5   1.1  70.5  72.1
1972.3306 1972-05-01  82.8   1.9  73.7  76.0
1972.3497 1972-05-08  52.6   2.6 107.3  82.5
1972.3689 1972-05-15  20.0   1.3  99.8 101.6
1972.3880 1972-05-22   3.1   0.0  91.5 114.7
1972.4071 1972-05-29   1.6   0.0  75.5 101.2
1972.4262 1972-06-05   0.5   0.0  75.6  59.2
1972.4454 1972-06-12   0.0   0.0  80.5  46.5
1972.4645 1972-06-19   0.1   0.0  79.4  39.3
1972.4891 1972-06-28   0.0   0.0  68.2  17.9
1972.5055 1972-07-04   0.0   0.0  54.2   7.3
1972.5191 1972-07-09   0.0   0.0  24.7   0.1
1972.5219 1972-07-10   -99   -99   -99   -99   -99        -99   -99   -99   -99
1972.9645 1972-12-19  16.4   0.0  42.1  20.6
1972.9918 1972-12-29  67.1   0.0  70.3  68.1
1973.0055 1973-01-03  86.6   0.0  78.5 100.0
1973.0192 1973-01-08  93.2   0.0  74.6 129.6
1973.0384 1973-01-15 130.1   0.2 103.4 167.7
1973.0575 1973-01-22 144.9   8.5  99.9 200.8
1973.0767 1973-01-29 151.2   7.2  99.8 198.4
1973.0959 1973-02-05 176.6   7.1  90.0 200.5
1973.1151 1973-02-12 177.2  13.2 129.9 223.6
1973.1342 1973-02-19 184.9   7.0 115.1 210.7
1973.1534 1973-02-26 173.5  12.8  75.8 140.5
1973.1726 1973-03-05 170.8  29.0  85.6 210.3
1973.1918 1973-03-12 165.6  35.9  85.8 206.6
1973.2110 1973-03-19 112.3  23.4  54.6 192.3
1973.2301 1973-03-26 103.5  10.4  35.3 181.5
1973.2493 1973-04-02  98.9   9.3  68.9 180.6
1973.2685 1973-04-09  73.4  10.9  78.1 116.5
1973.2877 1973-04-16  51.0   7.9  79.4 146.3
1973.3123 1973-04-25  42.2   8.2  74.0 165.3
1973.3260 1973-04-30  33.6   6.3  56.7 127.3
1973.3452 1973-05-07  10.2   1.6  65.7  89.1
1973.3644 1973-05-14   5.3   0.0  51.5  79.3
1973.3836 1973-05-21   0.7   0.0  62.6  56.7
1973.4027 1973-05-28   0.0   0.0  49.7  18.4
1973.4219 1973-06-04   0.0   0.0  11.9   8.8
1973.4411 1973-06-11   0.0   0.0   4.1   1.7
1973.4438 1973-06-12   -99   -99   -99   -99   -99        -99   -99   -99   -99
1973.9890 1973-12-28   2.1   0.0   0.2   0.0
1974.0027 1974-01-02   3.8   0.0   1.3   0.0
1974.0219 1974-01-09  59.3   0.0  46.0  13.2
1974.0411 1974-01-16 101.8   0.0  60.3  39.0
1974.0603 1974-01-23 177.3   0.0  73.7  72.1
1974.0795 1974-01-30 184.7   1.3  86.6 119.6
1974.0986 1974-02-06 156.9   5.2  92.7 152.2
1974.1178 1974-02-13 181.3  23.6  79.9 149.5
1974.1370 1974-02-20 142.6  20.0  94.5 164.1
1974.1562 1974-02-27 140.5  28.6  72.4 112.8
1974.1753 1974-03-06 123.5   8.2  78.9 158.0
1974.1945 1974-03-13 160.6  49.1  78.9 186.5
1974.2137 1974-03-20 113.1  32.6  50.5 160.2
1974.2329 1974-03-27 109.9  18.5  70.9 125.5
1974.2521 1974-04-03 112.2  18.6  60.3 105.9
1974.2712 1974-04-10  72.9  16.8  65.9 108.8
1974.2904 1974-04-17  48.8   6.1  78.7  95.2
1974.3096 1974-04-24  27.9   2.2  82.2  90.4
1974.3233 1974-04-29  34.3   0.0  83.2  86.9
1974.3288 1974-05-01  34.8   0.0  63.1  87.6
1974.3479 1974-05-08  24.2   0.0  55.9  58.0
1974.3671 1974-05-15  22.5   0.0  39.3  50.6
1974.3863 1974-05-22  22.5   0.0  40.7  47.3
1974.4055 1974-05-29  23.2   0.0  33.1  37.9
1974.4247 1974-06-05  10.5   0.0  43.7  31.3
1974.4438 1974-06-12  10.0   0.0  30.1  22.5
1974.4630 1974-06-19   4.0   0.0  40.8  28.4
1974.4822 1974-06-26   3.8   0.0  27.3  28.1
1974.5014 1974-07-03   1.5   0.0  16.3  17.7
1974.5205 1974-07-10   1.1   0.0  18.0   1.9
1974.5233 1974-07-11   -99   -99   -99   -99   -99        -99   -99   -99   -99
1974.9753 1974-12-23   5.6   0.0   3.9   0.0
1974.9945 1974-12-30   4.5   0.0   9.0   0.0
1975.0192 1975-01-08  17.8   0.0  18.7   0.5
1975.0384 1975-01-15  21.0   0.0  50.6   7.2
1975.0575 1975-01-22  47.4   0.0  63.2   8.3
1975.0767 1975-01-29  99.0   0.2  71.3  59.1
1975.0959 1975-02-05 157.2   4.5  91.4 145.5
1975.1151 1975-02-12 185.8  13.5  83.3 156.2
1975.1342 1975-02-19 173.8  27.2  86.3 203.9
1975.1534 1975-02-26 178.8  29.1  82.9 196.2
1975.1726 1975-03-05 179.1  17.0  62.0 193.8
1975.1918 1975-03-12 177.5  17.0  50.0 133.1
1975.2110 1975-03-19 164.6  21.5  65.3 134.0
1975.2301 1975-03-26 132.6  15.6  69.9 152.8
1975.2493 1975-04-02  59.1  27.3  54.9 103.7
1975.2685 1975-04-09  82.7  17.3  59.4  53.3
1975.2877 1975-04-16  49.4  23.0  59.4  55.5
1975.3068 1975-04-23  40.6  11.9  48.3  28.0
1975.3260 1975-04-30  18.5   4.8  55.8  19.3
1975.3452 1975-05-07  14.1   1.2  47.7   9.3
1975.3644 1975-05-14   9.2   0.0  34.3   8.5
1975.3836 1975-05-21   4.5   0.0  33.0  16.3
1975.4027 1975-05-28   6.6   0.0  29.7  21.7
1975.4219 1975-06-04   8.2   0.0  19.8  19.2
1975.4411 1975-06-11   4.9   0.0  28.5  11.0
1975.4603 1975-06-18   0.7   0.0  43.3  12.0
1975.4795 1975-06-25   0.7   0.0  15.3   6.6
1975.5041 1975-07-04   0.0   0.0   7.6   2.0
1975.5068 1975-07-05   -99   -99   -99   -99   -99        -99   -99   -99   -99
1975.9836 1975-12-26   2.4   0.0   8.6   0.0
1976.0027 1976-01-02  11.8   0.0  14.2   3.4
1976.0219 1976-01-09  51.1   0.0  28.5   2.7
1976.0410 1976-01-16  86.5   0.0  41.3  15.9
1976.0601 1976-01-23 112.7   0.0  57.8  25.6
1976.0792 1976-01-30  88.9   0.0  89.7  25.3
1976.0984 1976-02-06 101.3   2.5  87.9  19.7
1976.1175 1976-02-13 152.1   2.9  95.5  85.2
1976.1366 1976-02-20 161.9   5.2  89.1 126.4
1976.1557 1976-02-27 180.9   4.4  91.6 177.7
1976.1749 1976-03-05 167.3  12.7 112.0 173.0
1976.1940 1976-03-12 152.7  21.9  75.8 184.5
1976.2131 1976-03-19 167.2  18.2  68.7 199.5
1976.2322 1976-03-26 125.1  12.0  87.1 138.0
1976.2514 1976-04-02  98.0   6.0  83.4  73.7
1976.2705 1976-04-09  46.4   0.7  61.4  40.9
1976.2896 1976-04-16  15.9   0.0  73.5  23.0
1976.3087 1976-04-23  12.1   0.0  45.4  38.4
1976.3279 1976-04-30   9.3   0.0  31.1  33.2
1976.3470 1976-05-07   2.3   0.0  35.5  19.5
1976.3661 1976-05-14   1.0   0.0  39.7   4.5
1976.3852 1976-05-21   0.8   0.0  62.7   6.9
1976.4044 1976-05-28   0.0   0.0  36.8   1.1
1976.4235 1976-06-04   0.0   0.0  23.8   0.8
1976.4262 1976-06-05   -99   -99   -99   -99   -99        -99   -99   -99   -99
1976.9590 1976-12-17  11.3   0.0  15.3   0.1
1976.9781 1976-12-24  29.7   0.0  17.5   0.6
1976.9973 1976-12-31  32.9   0.0  18.6   0.6
1977.0164 1977-01-07  56.8   0.0  39.4   4.0
1977.0411 1977-01-16 146.4   0.6  49.2   6.3
1977.0603 1977-01-23 148.3   6.2  32.1  16.9
1977.0795 1977-01-30 130.3   1.7  23.0   9.7
1977.0986 1977-02-06 171.2   8.8  86.6  58.7
1977.1178 1977-02-13 198.9  17.9  56.7  82.8
1977.1370 1977-02-20 195.1  26.4  55.1  71.7
1977.1562 1977-02-27 173.3  12.2  69.1 103.4
1977.1753 1977-03-06 158.9  21.2  66.2  95.1
1977.1945 1977-03-13 148.5   9.8  92.0 143.7
1977.2137 1977-03-20 140.3  13.3  74.4  97.2
1977.2329 1977-03-27 107.6   2.2  64.2 104.3
1977.2521 1977-04-03  84.5   3.7  37.4  84.3
1977.2712 1977-04-10  47.8   4.9  39.6  42.5
1977.2904 1977-04-17  28.5   9.3  52.0  60.7
1977.3096 1977-04-24  12.3   6.3  36.6  30.9
1977.3288 1977-05-01   3.4   1.5  40.2  29.9
1977.3479 1977-05-08   2.9   0.0  76.9  46.2
1977.3671 1977-05-15   3.8   0.0  61.1  12.2
1977.3863 1977-05-22   2.9   0.0  36.6   3.2
1977.3973 1977-05-26   2.8   0.0  44.3   2.3
1977.4247 1977-06-05   1.2   0.0  33.6   0.3
1977.4438 1977-06-12   0.0   0.0  35.5   0.0
1977.4466 1977-06-13   -99   -99   -99   -99   -99        -99   -99   -99   -99
1978.0000 1978-01-01   7.5   0.0  13.5   0.0
1978.0192 1978-01-08  28.6   0.0  20.0   0.3
1978.0384 1978-01-15  40.8   0.0  37.4   1.9
1978.0575 1978-01-22  63.1   0.0  47.1   5.5
1978.0767 1978-01-29  77.5   0.2  53.6   2.1
1978.0959 1978-02-05 113.4   0.9  45.9  23.9
1978.1151 1978-02-12 128.8   1.2  51.4  35.7
1978.1342 1978-02-19 113.6   0.6  41.7  17.9
1978.1534 1978-02-26 126.0  11.8  28.7  37.8
1978.1726 1978-03-05  79.9  11.2  33.0  32.2
1978.1918 1978-03-12  91.9  16.1  38.8  32.1
1978.2110 1978-03-19  71.1  17.7  64.0  61.5
1978.2301 1978-03-26  94.4  15.7  79.6  71.0
1978.2493 1978-04-02  95.9  16.0  55.3  75.6
1978.2685 1978-04-09  37.8   8.2  45.7  89.2
1978.2877 1978-04-16  33.7  11.6  27.9  60.6
1978.3068 1978-04-23  24.5   5.2  27.9  48.6
1978.3260 1978-04-30  23.2   0.9  32.0  61.4
1978.3452 1978-05-07  16.0   0.0  19.8  42.2
1978.3644 1978-05-14   8.1   0.0  29.9  19.6
1978.3836 1978-05-21   2.1   0.0  28.8  11.9
1978.4027 1978-05-28   0.7   0.0  26.7   1.5
1978.4219 1978-06-04   0.4   0.0  21.7   1.3
1978.4411 1978-06-11   0.0   0.0  13.6   1.1
1978.4603 1978-06-18   0.0   0.0  10.4   0.1
1978.4795 1978-06-25   0.0   0.0  13.2   0.0
1978.4986 1978-07-02   0.0   0.0   7.6   0.0
1978.5096 1978-07-06   0.0   0.0   4.7   0.0
1978.5123 1978-07-07   -99   -99   -99   -99   -99        -99   -99   -99   -99
1978.9205 1978-12-03   2.2   0.0  11.1   0.3
1978.9397 1978-12-10   9.1   0.0  23.1   3.6
1978.9589 1978-12-17   8.9   0.0  37.3   6.0
1978.9781 1978-12-24   9.3   0.0  31.5   2.9
1978.9973 1978-12-31   8.6   0.0   7.6   0.4
1979.0164 1979-01-07  13.8   0.0  20.3   0.6
1979.0356 1979-01-14  79.3   0.0  65.4  11.0
1979.0548 1979-01-21 101.6   0.0  63.8  29.3
1979.0740 1979-01-28  59.8   0.0  36.1   4.6
1979.0932 1979-02-04  42.5   0.0  22.7   3.2
1979.1123 1979-02-11 131.3   2.5  24.8  11.8
1979.1315 1979-02-18 181.7  18.0  68.3  82.2
1979.1507 1979-02-25 179.5  20.7  81.4 109.9
1979.1699 1979-03-04 167.8  16.0  90.1 123.0
1979.1890 1979-03-11 148.9  10.6  80.0 105.5
1979.2082 1979-03-18 145.3  13.6 101.6  94.4
1979.2274 1979-03-25  73.4  11.9  77.8  62.0
1979.2466 1979-04-01  58.5  14.9  67.1  61.6
1979.2658 1979-04-08  27.8   4.9  50.8  45.3
1979.2849 1979-04-15  13.6   0.5  33.8  35.0
1979.3041 1979-04-22   9.1   0.0  19.8  20.5
1979.3233 1979-04-29   1.6   0.0  22.8  14.0
1979.3425 1979-05-06   2.9   0.0  29.2  11.2
1979.3616 1979-05-13   1.4   0.0  15.3   1.9
1979.3808 1979-05-20   0.0   0.0  18.7   0.3
1979.4000 1979-05-27   0.0   0.0  16.7   0.0
1979.4192 1979-06-03   0.0   0.0  14.5   0.0
1979.4384 1979-06-10   0.0   0.0   3.8   0.0
1979.4575 1979-06-17   0.0   0.0   1.0   0.0
1979.4603 1979-06-18   -99   -99   -99   -99   -99        -99   -99   -99   -99
1979.9178 1979-12-02   0.0   0.0   0.0   0.0
1979.9370 1979-12-09   0.0   0.0   0.3   0.0
1979.9562 1979-12-16   0.6   0.0  11.0   0.1
1979.9808 1979-12-25   8.4   0.0  26.4   7.5
1980.0000 1980-01-01   3.2   0.0   7.8   0.0
1980.0191 1980-01-08  13.4   0.0  29.1   1.0
1980.0383 1980-01-15  14.9   0.0  32.6   5.5
1980.0574 1980-01-22  20.1   0.0  49.6  14.9
1980.0765 1980-01-29  29.0   0.0  39.5  18.1
1980.0956 1980-02-05  98.0   6.4  37.4  44.5
1980.1148 1980-02-12 123.9   4.4  30.1  38.1
1980.1339 1980-02-19 119.8   6.9  50.0  62.2
1980.1530 1980-02-26 123.7  11.5  64.6 107.8
1980.1776 1980-03-06 134.5  16.3  85.9 126.7
1980.1967 1980-03-13 101.1  11.7  84.8  53.7
1980.2158 1980-03-20  97.1  14.5  87.3  83.7
1980.2350 1980-03-27  36.7   2.6  77.7  66.3
1980.2486 1980-04-01  40.4   4.2  73.1  37.4
1980.2678 1980-04-08  26.8   3.3  59.2  34.4
1980.2869 1980-04-15  10.0   1.8  68.2  35.9
1980.3060 1980-04-22   3.1   0.9  74.1  34.6
1980.3251 1980-04-29   1.8   0.0  65.5  27.1
1980.3497 1980-05-08   3.3   0.0  55.5   6.3
1980.3689 1980-05-15   1.8   0.0  33.3   2.7
1980.3880 1980-05-22   0.0   0.0  18.8   0.0
1980.4071 1980-05-29   0.0   0.0   8.7   0.0
1980.4262 1980-06-05   0.0   0.0   6.2   0.0
1980.4290 1980-06-06   -99   -99   -99   -99   -99        -99   -99   -99   -99
1980.9317 1980-12-07   0.5   0.0   0.0   0.0
1980.9563 1980-12-16   7.3   0.0   0.1   0.0
1980.9699 1980-12-21   7.5   0.0   1.1   0.0
1980.9945 1980-12-30  29.8   0.0  14.5   0.4
1981.0192 1981-01-08  75.1   0.0  32.2   1.8
1981.0384 1981-01-15  94.7   0.0  48.7   0.4
1981.0575 1981-01-22 117.8   3.2  75.3  25.8
1981.0767 1981-01-29 127.6   8.5  83.9  41.0
1981.0959 1981-02-05 136.1   5.8  75.9  46.2
1981.1096 1981-02-10 111.9   4.4  87.1  61.5
1981.1288 1981-02-17 137.4  10.7  71.4  39.0
1981.1479 1981-02-24  72.0   4.7  72.8  29.7
1981.1671 1981-03-03  50.6   3.5  65.3  45.4
1981.1863 1981-03-10  26.0   0.6  22.2   4.7
1981.2055 1981-03-17  12.3   0.2  20.7   4.1
1981.2247 1981-03-24   5.0   0.0  17.6   0.7
1981.2438 1981-03-31   2.6   0.0  22.5   1.2
1981.2630 1981-04-07   2.2   0.0  27.6   0.4
1981.2822 1981-04-14   1.1   0.0  24.0   2.6
1981.3014 1981-04-21   1.4   0.0  41.2   3.0
1981.3205 1981-04-28   0.2   0.0  40.7   0.1
1981.3397 1981-05-05   0.0   0.0  30.7   0.0
1981.3589 1981-05-12   0.0   0.0  50.7   0.2
1981.3781 1981-05-19   0.0   0.0  61.0   0.6
1981.3973 1981-05-26   0.1   0.0  45.2   2.9
1981.4164 1981-06-02   0.0   0.0  25.6   0.0
1981.4356 1981-06-09   0.0   0.0  11.4   0.0
1981.4384 1981-06-10   -99   -99   -99   -99   -99        -99   -99   -99   -99
1981.9726 1981-12-22   1.0   0.0   0.1   0.0
1982.0055 1982-01-03   1.9   0.0   5.6   0.1
1982.0164 1982-01-07   3.5   0.0   5.7   0.2
1982.0356 1982-01-14  20.0   0.0  14.2   0.2
1982.0548 1982-01-21  32.3   0.0  34.8   0.7
1982.0740 1982-01-28  54.6   0.1  32.4   2.0
1982.0932 1982-02-04  64.9   0.8  49.2  12.6
1982.1123 1982-02-11 121.4   6.9  91.3  31.5
1982.1315 1982-02-18 158.5   9.0  59.5  56.2
1982.1507 1982-02-25 125.9   7.4  59.9  68.4
1982.1699 1982-03-04 149.0  37.5  56.8  99.0
1982.1918 1982-03-12 166.0  20.6  79.8 108.4
1982.2082 1982-03-18 105.0  28.8  83.1  71.8
1982.2274 1982-03-25  95.4  32.1  65.3  85.6
1982.2493 1982-04-02  65.7  23.1  72.3  80.4
1982.2685 1982-04-09  27.2  12.7  83.5  67.6
1982.2849 1982-04-15  19.7  10.0  80.1  35.7
1982.3041 1982-04-22  14.3   0.0  58.3  34.3
1982.3233 1982-04-29  11.5   0.0  66.2  26.6
1982.3425 1982-05-06   9.4   0.0  68.4  12.1
1982.3616 1982-05-13   7.0   0.0  42.2   4.4
1982.3808 1982-05-20   7.1   0.0  49.6   1.7
1982.4000 1982-05-27   1.4   0.0  36.0   1.0
1982.4192 1982-06-03   2.5   0.0  29.8   2.0
1982.4384 1982-06-10   0.4   0.0  31.9   7.9
1982.4575 1982-06-17   0.0   0.0  22.0   0.0
1982.4767 1982-06-24   0.0   0.0  14.7   0.0
1982.4795 1982-06-25   -99   -99   -99   -99   -99        -99   -99   -99   -99
1982.9452 1982-12-12   0.1   0.0   3.6   0.0
1982.9644 1982-12-19   2.0   0.0  19.3   0.9
1982.9836 1982-12-26   6.2   0.0  40.1   5.0
1983.0027 1983-01-02   5.6   0.0  59.0  10.3
1983.0219 1983-01-09  33.1   0.0  89.1  34.2
1983.0411 1983-01-16  39.7   0.0  78.4  25.8
1983.0603 1983-01-23  61.7   0.0  78.8  45.3
1983.0795 1983-01-30  77.7   0.0  97.3  97.7
1983.0986 1983-02-06  84.1   0.0 103.7 102.8
1983.1178 1983-02-13  89.3   0.0  88.9  98.0
1983.1370 1983-02-20 105.1   0.0 101.4 138.7
1983.1562 1983-02-27 114.2   0.0  91.1 130.3
1983.1753 1983-03-06  91.8   0.0  96.4 145.7
1983.1945 1983-03-13 112.2   0.2  72.9 160.0
1983.2137 1983-03-20  84.0   0.7  69.7 128.2
1983.2329 1983-03-27  49.1   1.9  91.8 147.5
1983.2521 1983-04-03  65.2   1.2  99.8 127.4
1983.2712 1983-04-10  33.9   0.7  99.5 119.1
1983.2904 1983-04-17  15.5   0.0  91.0 101.3
1983.3096 1983-04-24  11.4   0.0  99.9  88.4
1983.3288 1983-05-01   2.2   0.0 108.1  62.9
1983.3479 1983-05-08   0.0   0.0  88.4  48.3
1983.3671 1983-05-15   0.0   0.0  71.0  22.4
1983.3863 1983-05-22   0.0   0.0  67.7  31.9
1983.4055 1983-05-29   0.3   0.0  46.2  14.4
1983.4247 1983-06-05   0.0   0.0  42.1   0.9
1983.4438 1983-06-12   0.0   0.0  30.8   0.2
1983.4630 1983-06-19   0.0   0.0  14.1   0.0
1983.4822 1983-06-26   0.0   0.0   4.4   0.0
1983.5014 1983-07-03   0.0   0.0   3.7   0.0
1983.5205 1983-07-10   0.0   0.0   0.0   0.0
1983.5233 1983-07-11   -99   -99   -99   -99   -99
1983.9479 1983-12-13   0.4   0.0   2.6   0.0
1983.9671 1983-12-20   1.2   0.0  11.5   0.0
1984.0055 1984-01-03  27.4   0.0  67.7  12.1
1984.0191 1984-01-08  22.8   0.0  93.5  20.2
1984.0383 1984-01-15 101.7   0.0 112.1  94.4
1984.0574 1984-01-22 134.2   0.0 120.2 130.6
1984.0765 1984-01-29 135.7   0.0 110.5 117.7
1984.0956 1984-02-05 104.2   0.1 146.9 178.8
1984.1148 1984-02-12 148.8   3.1 100.3 134.7
1984.1339 1984-02-19 177.8   5.2 120.4 198.5
1984.1530 1984-02-26 166.6   2.6 131.1 192.2
1984.1776 1984-03-06 145.5   2.6  91.7 179.3
1984.1967 1984-03-13 184.1   9.5  89.1 156.6
1984.2158 1984-03-20 151.3   3.0 103.8 144.7
1984.2350 1984-03-27 143.1   1.9 122.8 162.6
1984.2486 1984-04-01  82.4   0.6  56.4 124.4
1984.2678 1984-04-08  51.6   0.2  81.5 108.8
1984.2869 1984-04-15  34.0   0.0  74.0  58.8
1984.3060 1984-04-22  29.8   0.0 105.2  65.4
1984.3251 1984-04-29  23.1   0.0  95.2  63.1
1984.3497 1984-05-08  12.3   0.0  83.3  61.4
1984.3689 1984-05-15   6.4   0.0  94.1  64.5
1984.3880 1984-05-22   2.2   0.0 109.1  53.6
1984.4071 1984-05-29   0.0   0.0  82.5  21.5
1984.4262 1984-06-05   0.0   0.0  81.3  22.2
1984.4454 1984-06-12   0.1   0.0  44.0  14.7
1984.4645 1984-06-19   0.0   0.0  31.1   0.7
1984.4836 1984-06-26   0.0   0.0  20.9   0.0
1984.4973 1984-07-01   0.0   0.0  19.5   0.0
1984.5164 1984-07-08   0.0   0.0  15.7   0.0
1984.5191 1984-07-09   -99   -99   -99   -99   -99
1984.9454 1984-12-12   0.0   0.0   1.9   0.0
1984.9645 1984-12-19   0.6   0.0  15.2   0.5
1984.9836 1984-12-26   3.2   0.0  45.3   5.6
1985.0027 1985-01-02  28.9   0.0  56.9  43.4
1985.0219 1985-01-09  61.5   0.0 106.2  93.8
1985.0411 1985-01-16  74.1   0.1 106.6  93.9
1985.0603 1985-01-23 117.0   5.7 100.8  87.1
1985.0795 1985-01-30  94.7  11.2 136.3 179.8
1985.0986 1985-02-06 175.0  25.8  73.6 225.6
1985.1178 1985-02-13 130.5  27.4  53.5 206.7
1985.1370 1985-02-20 138.7   9.5  63.4 198.2
1985.1562 1985-02-27 163.8  14.8 106.1 236.4
1985.1753 1985-03-06 166.1  22.4  90.4 225.5
1985.1945 1985-03-13 176.6  33.0  89.5 258.6
1985.2137 1985-03-20 140.0  26.3  99.6 221.2
1985.2329 1985-03-27  71.6  42.7  95.8 184.4
1985.2521 1985-04-03  70.2  34.6  61.8 175.1
1985.2712 1985-04-10  51.9  18.7  72.7 119.5
1985.2904 1985-04-17  24.3   8.9  79.5 100.4
1985.3096 1985-04-24  16.0   0.3  83.4  97.9
1985.3288 1985-05-01  21.4   0.0  56.1  81.6
1985.3479 1985-05-08  17.7   0.0  63.1  65.0
1985.3671 1985-05-15  15.9   0.0  68.7  69.2
1985.3863 1985-05-22  10.0   0.0  56.1  60.9
1985.4055 1985-05-29  10.1   0.0  71.9  57.0
1985.4247 1985-06-05   4.3   0.0  58.7  25.9
1985.4438 1985-06-12   1.0   0.0  53.8  35.3
1985.4630 1985-06-19   0.8   0.0  39.1  27.4
1985.4822 1985-06-26   0.9   0.0  25.5  21.0
1985.5014 1985-07-03   0.0   0.0  17.0   5.2
1985.5205 1985-07-10   0.0   0.0  13.9   1.0
1985.5315 1985-07-14   0.0   0.0  12.9   0.0
1985.5507 1985-07-21   0.0   0.0   0.6   0.0
1985.5534 1985-07-22   -99   -99   -99   -99   -99
1985.9425 1985-12-11   0.3   0.0   0.0   0.0
1985.9616 1985-12-18   5.7   0.0   1.0   0.3
1985.9808 1985-12-25  13.1   0.0   6.8   0.6
1986.0000 1986-01-01  15.9   0.0  12.7   1.2
1986.0192 1986-01-08  54.2   0.0  23.2   8.5
1986.0384 1986-01-15  85.0   0.0  44.7   9.1
1986.0575 1986-01-22  99.5   3.5  59.3  35.7
1986.0767 1986-01-29 132.1   0.7  71.2  45.3
1986.0959 1986-02-05 182.2  11.6  86.2  89.6
1986.1151 1986-02-12 122.2  25.8  82.5 147.9
1986.1342 1986-02-19 171.4  26.8  43.8 119.3
1986.1534 1986-02-26 143.0  37.5  39.5 111.9
1986.1726 1986-03-05 139.5  28.9  55.5  91.9
1986.1918 1986-03-12 158.0  30.4  73.9 159.6
1986.2110 1986-03-19 178.6  27.2  73.2 180.4
1986.2301 1986-03-26 112.8  23.9  63.3 116.5
1986.2493 1986-04-02  86.7  17.7  68.1  80.9
1986.2685 1986-04-09  62.6  10.0  53.0 101.9
1986.2877 1986-04-16  49.3   4.3  46.1  66.0
1986.3068 1986-04-23  27.7   0.0  40.0  56.9
1986.3260 1986-04-30  16.7   0.0  38.3  34.8
1986.3452 1986-05-07  15.4   0.0  18.6   9.9
1986.3644 1986-05-14   7.1   0.0  16.1   1.8
1986.3836 1986-05-21   2.1   0.0  10.0   0.4
1986.4027 1986-05-28   0.5   0.0  12.1   0.0
1986.4219 1986-06-04   0.0   0.0   4.7   0.0
1986.4411 1986-06-11   0.0   0.0   2.0   0.0
1986.4438 1986-06-12   -99   -99   -99   -99   -99
1986.9014 1986-11-26   0.0   0.0   0.7   0.0
1986.9205 1986-12-03   0.0   0.0   2.3   0.0
1986.9397 1986-12-10   0.4   0.0  12.4   0.0
1986.9589 1986-12-17   5.1   0.0  31.4   0.7
1986.9781 1986-12-24  10.4   0.0  37.4   1.9
1986.9973 1986-12-31  14.4   0.0  46.0   7.8
1987.0164 1987-01-07  19.0   0.0  49.8  10.0
1987.0356 1987-01-14  41.6   0.0  35.8  23.9
1987.0548 1987-01-21 107.0   0.0  68.0  50.9
1987.0740 1987-01-28 173.8   0.0  91.8  79.9
1987.0932 1987-02-04 141.0   0.6  64.4  93.0
1987.1123 1987-02-11 163.3   3.7  57.8  85.2
1987.1315 1987-02-18 142.9  20.6  54.0 104.2
1987.1507 1987-02-25  99.5  24.5  62.1 140.7
1987.1699 1987-03-04 140.5  13.0  63.6 126.1
1987.1890 1987-03-11 134.4  19.0  59.8 130.6
1987.2082 1987-03-18 120.7  14.1  37.3  80.8
1987.2274 1987-03-25  99.2   9.4  47.0  66.1
1987.2466 1987-04-01  82.4   7.5  48.9  80.9
1987.2658 1987-04-08  72.0   6.2  59.3  57.7
1987.2849 1987-04-15  60.9   5.9  58.9  53.7
1987.3041 1987-04-22  41.3   3.0  58.3  56.2
1987.3233 1987-04-29  26.8   0.6  62.6  41.8
1987.3425 1987-05-06   6.2   0.2  48.6  25.7
1987.3616 1987-05-13   0.2   0.0  31.1   8.2
1987.3808 1987-05-20   0.0   0.0  36.6   0.8
1987.4000 1987-05-27   0.3   0.0  23.3   0.7
1987.4192 1987-06-03   0.1   0.0  23.1   0.1
1987.4384 1987-06-10   0.0   0.0  12.7   0.0
1987.4575 1987-06-17   0.0   0.0   3.3   0.0
1987.4603 1987-06-18   -99   -99   -99   -99   -99
1987.9753 1987-12-23   1.0   0.0   1.0   0.1
1987.9945 1987-12-30   5.0   0.0   5.3   0.3
1988.0055 1988-01-03   9.6   0.0  16.9   0.3
1988.0246 1988-01-10  33.7   0.0  27.6   4.2
1988.0437 1988-01-17  39.9   0.0  56.4   6.8
1988.0628 1988-01-24  69.1   0.0  65.9  19.2
1988.0820 1988-01-31  94.7   1.3  82.2  51.7
1988.1011 1988-02-07 185.4   4.1  95.0  77.6
1988.1202 1988-02-14 196.1   5.0  98.0  98.1
1988.1393 1988-02-21 180.8   3.0  86.5 121.2
1988.1585 1988-02-28 175.9   5.8  92.1  99.3
1988.1776 1988-03-06 172.1   9.6 105.6  65.2
1988.1967 1988-03-13 130.1  15.1  76.3  77.3
1988.2158 1988-03-20 118.1  17.3  48.8 101.0
1988.2350 1988-03-27  85.8  13.6  28.6  98.4
1988.2541 1988-04-03  60.6  12.0  57.8  71.9
1988.2732 1988-04-10  48.9   5.2  53.8  70.9
1988.2923 1988-04-17  23.0   0.0  43.8  12.3
1988.3115 1988-04-24  13.9   0.0  31.1   5.9
1988.3306 1988-05-01   7.1   0.0  34.4   5.7
1988.3497 1988-05-08   4.2   0.0  39.0   4.7
1988.3689 1988-05-15   1.6   0.0  35.8   4.7
1988.3880 1988-05-22   0.0   0.0  39.6   4.0
1988.4071 1988-05-29   0.0   0.0  18.2   0.0
1988.4262 1988-06-05   0.0   0.0  15.2   0.0
1988.4454 1988-06-12   0.0   0.0   7.3   0.0
1988.4645 1988-06-19   0.0   0.0  10.9   0.0
1988.4672 1988-06-20   -99   -99   -99   -99   -99
1988.9481 1988-12-13   0.8   0.0   0.4   0.0
1988.9645 1988-12-19   3.9   0.0   0.4   0.0
1988.9836 1988-12-26  10.0   0.0  18.1   0.5
1989.0027 1989-01-02  39.2   0.1  19.7   3.2
1989.0219 1989-01-09  42.4   0.0  27.9   2.3
1989.0411 1989-01-16  72.5   0.1  44.6  10.0
1989.0603 1989-01-23  86.1   0.1  71.1  44.8
1989.0795 1989-01-30 143.5   2.3  83.1  59.5
1989.0986 1989-02-06 179.0  11.0  79.8  90.6
1989.1178 1989-02-13 186.3  10.0 101.3 122.6
1989.1370 1989-02-20 135.0  18.3  91.7 145.6
1989.1562 1989-02-27 193.4  15.2  84.4 115.6
1989.1753 1989-03-06 162.7  23.8  75.1 143.1
1989.1945 1989-03-13 138.1  33.8  69.1 130.7
1989.2137 1989-03-20 134.3  29.9  81.0 124.0
1989.2329 1989-03-27 108.0  30.8  93.9 124.4
1989.2521 1989-04-03  83.8  16.0  79.7 121.0
1989.2712 1989-04-10  38.2   6.8  85.1  75.3
1989.2904 1989-04-17  28.4   5.7  78.0  71.1
1989.3096 1989-04-24  12.6   2.2  60.3  19.1
1989.3288 1989-05-01   7.9   0.0  47.6  18.9
1989.3479 1989-05-08   4.2   0.0  36.0  16.6
1989.3671 1989-05-15   0.3   0.0  20.2   2.5
1989.3863 1989-05-22   0.0   0.0  19.7   0.2
1989.4055 1989-05-29   0.0   0.0  12.1   0.0
1989.4247 1989-06-05   0.0   0.0   2.7   0.0
1989.4329 1989-06-08   0.0   0.0   8.0   0.0
1989.4356 1989-06-09   -99   -99   -99   -99   -99
1989.9397 1989-12-10  16.0   0.0   2.1   0.0
1989.9616 1989-12-18  27.7   0.0   0.9   0.1
1989.9808 1989-12-25  25.0   0.0   2.4   0.0
1990.0000 1990-01-01  75.0   0.0  12.6   0.3
1990.0192 1990-01-08  79.3   2.2  50.0   7.0
1990.0384 1990-01-15 113.8   3.8  54.0  38.0
1990.0575 1990-01-22 175.3  11.6  55.3  43.5
1990.0767 1990-01-29 160.3  10.6  85.9  73.3
1990.0959 1990-02-05 171.1  19.8  72.7 127.0
1990.1151 1990-02-12 178.4  14.5  79.1 129.6
1990.1342 1990-02-19 200.9  28.3  82.7 165.5
1990.1534 1990-02-26 185.9  22.2  80.9 199.5
1990.1726 1990-03-05 179.1  44.0 120.0 196.5
1990.1918 1990-03-12 164.3  72.2 116.2 270.2
1990.2110 1990-03-19 144.2  51.6  91.7 232.0
1990.2301 1990-03-26 120.9  24.8 101.8 159.5
1990.2493 1990-04-02  99.0  26.9 113.9 153.5
1990.2685 1990-04-09  71.5   3.4  85.2  65.9
1990.2877 1990-04-16  43.3   3.2  74.7  29.0
1990.3068 1990-04-23  32.0   1.2  75.7  14.9
1990.3260 1990-04-30  34.0   0.0  66.5  27.7
1990.3452 1990-05-07  25.9   0.0  46.0  22.2
1990.3644 1990-05-14  12.8   0.0  44.5   7.5
1990.3836 1990-05-21  11.7   0.0  61.8  16.0
1990.4027 1990-05-28   7.2   0.0  47.4   5.2
1990.4219 1990-06-04   2.9   0.0  32.2   1.4
1990.4411 1990-06-11   0.8   0.0  45.2   3.3
1990.4603 1990-06-18   0.0   0.0  33.8   3.7
1990.4795 1990-06-25   0.0   0.0  12.5   0.9
1990.4986 1990-07-02   0.0   0.0   7.3   0.3
1990.5014 1990-07-03   -99   -99   -99   -99   -99
1990.9671 1990-12-20   2.2   0.0   3.2   0.0
1990.9781 1990-12-24   2.9   0.0  13.9   0.0
1990.9973 1990-12-31   8.5   0.0  38.9   3.2
1991.0164 1991-01-07  49.5   0.0  87.7  58.5
1991.0356 1991-01-14  89.2   0.0  55.8  70.7
1991.0548 1991-01-21 153.9   0.7  55.4 107.8
1991.0740 1991-01-28 177.0   7.0  98.9 151.2
1991.0932 1991-02-04 188.0   7.6  94.7 176.1
1991.1123 1991-02-11 183.3  15.7 110.9 207.3
1991.1315 1991-02-18 192.7  14.8  99.3 123.4
1991.1507 1991-02-25 169.4  17.4  90.9 162.3
1991.1699 1991-03-04 174.4  24.4  89.7 192.4
1991.1890 1991-03-11 162.9  12.0  61.5 172.5
1991.2082 1991-03-18 130.9   6.0  51.6  95.4
1991.2274 1991-03-25 114.2  10.6  90.0  98.5
1991.2466 1991-04-01  93.9   9.2  99.9  81.8
1991.2658 1991-04-08  74.9  14.5  95.5 123.3
1991.2849 1991-04-15  54.3   9.2  71.4  82.0
1991.3041 1991-04-22  61.9   7.5  88.7 113.2
1991.3233 1991-04-29  18.5   2.4  92.3 105.1
1991.3425 1991-05-06   9.5   0.4  58.9 130.3
1991.3616 1991-05-13   7.6   0.0  73.4  99.7
1991.3808 1991-05-20   1.9   0.0  67.1  87.1
1991.4000 1991-05-27   0.9   0.0  58.4  59.3
1991.4192 1991-06-03   4.9   0.0  41.3  53.2
1991.4384 1991-06-10   3.9   0.0  37.7  21.1
1991.4575 1991-06-17   7.9   0.0  25.5  14.6
1991.4767 1991-06-24   9.0   0.0  30.0   8.5
1991.4959 1991-07-01   2.9   0.0  30.3   4.0
1991.5151 1991-07-08   1.8   0.0  28.2   4.0
1991.5342 1991-07-15   1.0   0.0  26.0   3.0
1991.5534 1991-07-22   0.0   0.0  11.9   0.0
1991.5726 1991-07-29   0.0   0.0   7.2   0.0
1991.5918 1991-08-05   0.0   0.0   5.4   0.0
1991.5945 1991-08-06   -99   -99   -99   -99   -99
1991.9452 1991-12-12   0.0   0.0   0.0   0.0
1991.9644 1991-12-19   2.1   0.0   3.2   0.0
1991.9836 1991-12-26   7.1   0.0  29.1   2.4
1992.0027 1992-01-02  36.2   0.0  62.8  36.3
1992.0219 1992-01-09  15.5   0.0  64.6  27.1
1992.0410 1992-01-16  33.9   0.0  91.8  38.3
1992.0601 1992-01-23 148.1   1.2  88.4 105.5
1992.0792 1992-01-30 156.3   6.0 108.4 101.2
1992.0984 1992-02-06 132.7   0.4  35.3 143.6
1992.1175 1992-02-13 193.4   8.8  74.4 163.8
1992.1366 1992-02-20 201.4   9.7  99.2 190.6
1992.1557 1992-02-27 217.7  13.9 103.0 215.6
1992.1749 1992-03-05 185.5  38.7  72.0 178.6
1992.1940 1992-03-12 183.7  27.1  84.2 218.0
1992.2131 1992-03-19 170.6  28.4  94.7 214.2
1992.2322 1992-03-26 161.6  39.6  84.9 137.4
1992.2514 1992-04-02 143.8  24.5  74.9 112.0
1992.2705 1992-04-09 117.2  19.4  45.1  63.4
1992.2896 1992-04-16  46.0  21.0  52.3  61.1
1992.3087 1992-04-23  41.1  15.1  64.2  48.4
1992.3279 1992-04-30  39.9   7.2  72.5  49.3
1992.3470 1992-05-07  29.6   3.4  68.0  59.4
1992.3661 1992-05-14  11.2   0.5  81.6  47.6
1992.3852 1992-05-21   2.9   0.0  60.8  27.2
1992.4044 1992-05-28   1.3   0.0  64.9  32.1
1992.4262 1992-06-05   0.3   0.0  55.2  41.0
1992.4426 1992-06-11   0.4   0.0  58.3  49.5
1992.4617 1992-06-18   0.3   0.0  33.8  23.3
1992.4809 1992-06-25   0.1   0.0  35.7  21.2
1992.5000 1992-07-02   0.0   0.0  28.1   1.5
1992.5109 1992-07-06   0.0   0.0   2.4   0.0
1992.5301 1992-07-13   0.0   0.0   0.1   0.0
1992.5492 1992-07-20   0.1   0.0   0.6   0.0
1992.5519 1992-07-21   -99   -99   -99   -99   -99
1992.8934 1992-11-23   0.0   0.0   0.0   0.0
1992.9126 1992-11-30   0.0   0.0   0.7   0.0
1992.9317 1992-12-07   0.0   0.0   4.4   0.1
1992.9508 1992-12-14   0.3   0.0  14.1   0.1
1992.9699 1992-12-21   0.8   0.0  18.6   0.7
1992.9891 1992-12-28  12.0   0.0  63.8  20.5
1993.0082 1993-01-04  28.8   0.0  83.3  64.0
1993.0274 1993-01-11 105.1   0.0  97.6 112.8
1993.0466 1993-01-18 129.2   0.0  92.7 143.1
1993.0658 1993-01-25 142.6   1.9  85.7 174.2
1993.0849 1993-02-01 179.0   8.8  98.1 173.5
1993.1041 1993-02-08 214.5  23.4 113.6 215.7
1993.1233 1993-02-15 213.5  18.3 105.9 233.2
1993.1425 1993-02-22 200.0  17.3 112.7 169.1
1993.1616 1993-03-01 207.7  26.1  99.9 172.0
1993.1808 1993-03-08 197.2  13.0 105.7 191.0
1993.2000 1993-03-15 207.1  13.4  71.4 144.2
1993.2192 1993-03-22 199.4  22.7  99.8 204.3
1993.2384 1993-03-29 166.3  28.9  95.7 186.0
1993.2575 1993-04-05 147.2  10.9  85.7 205.8
1993.2767 1993-04-12 116.0  11.9  87.1 150.2
1993.2959 1993-04-19  90.3   7.0  85.1 134.3
1993.3151 1993-04-26  48.3   2.9  89.7 108.2
1993.3342 1993-05-03  17.8   0.6  66.1  56.6
1993.3534 1993-05-10   4.3   0.0  75.6  57.5
1993.3616 1993-05-13   2.6   0.0  74.3  56.1
1993.3726 1993-05-17   2.0   0.0  69.5  56.2
1993.3918 1993-05-24   0.1   0.0  48.5  28.8
1993.4110 1993-05-31   3.4   0.0  50.5   8.9
1993.4301 1993-06-07   3.1   0.0  36.1   3.9
1993.4493 1993-06-14   0.3   0.0  25.1   0.0
1993.4685 1993-06-21   0.0   0.0   9.0   0.0
1993.4712 1993-06-22   -99   -99   -99   -99   -99
1993.9288 1993-12-06   0.0   0.0   7.8   0.0
1993.9479 1993-12-13   0.0   0.0   9.5   0.0
1993.9671 1993-12-20   0.0   0.0  13.6   0.0
1993.9863 1993-12-27   2.5   0.0  33.0   0.2
1994.0055 1994-01-03  35.6   0.0  40.5   2.7
1994.0247 1994-01-10  63.9   0.0  65.6   9.6
1994.0438 1994-01-17 112.9   0.3  48.0  17.6
1994.0630 1994-01-24 169.6   6.1 112.7  73.4
1994.0822 1994-01-31 193.2  13.7 106.6 127.5
1994.1014 1994-02-07 212.3  24.7 112.7 188.1
1994.1205 1994-02-14 194.2  33.9 102.3 244.8
1994.1397 1994-02-21 191.9  21.8  76.7 228.8
1994.1589 1994-02-28 155.1  30.5  72.8 241.6
1994.1781 1994-03-07 175.2  21.4  73.8 213.6
1994.1973 1994-03-14 184.2  22.0  74.6 178.2
1994.2164 1994-03-21 168.8  18.5  81.7 153.3
1994.2356 1994-03-28 154.3  14.2  76.5 154.6
1994.2740 1994-04-11 114.4  10.4  69.1  93.4
1994.2932 1994-04-18  84.9   1.0  69.3 100.4
1994.3123 1994-04-25  58.5   0.0  63.4  61.0
1994.3315 1994-05-02  22.8   0.0  53.3  60.3
1994.3507 1994-05-09  16.7   0.0  54.4  62.5
1994.3699 1994-05-16  11.5   0.0  55.2  43.2
1994.3890 1994-05-23  10.8   0.0  45.9  20.6
1994.4082 1994-05-30   4.1   0.0  36.9  14.7
1994.4274 1994-06-06   3.0   0.0  34.8   7.5
1994.4466 1994-06-13   0.2   0.0  39.4   7.4
1994.4658 1994-06-20   0.0   0.0   8.0   0.0
1994.4849 1994-06-27   0.0   0.0   0.0   0.0
1994.4877 1994-06-28   -99   -99   -99   -99   -99
1994.9260 1994-12-05   0.0   0.0   0.5   0.0
1994.9452 1994-12-12   0.6   0.0   0.4   0.0
1994.9644 1994-12-19   0.6   0.0   0.7   0.1
1994.9836 1994-12-26   0.8   0.0  13.6   0.2
1995.0027 1995-01-02   4.9   0.0  18.3   1.3
1995.0219 1995-01-09  16.0   0.0  42.7   5.2
1995.0411 1995-01-16  40.1   0.0  77.8  37.3
1995.0603 1995-01-23  31.0   0.0  67.9  43.4
1995.0795 1995-01-30  99.6   0.0  52.8  46.7
1995.0986 1995-02-06 130.1   0.0  79.3  76.5
1995.1178 1995-02-13 172.1   2.6  77.8  85.0
1995.1370 1995-02-20 181.8   7.9  91.6 140.8
1995.1562 1995-02-27 182.9   7.2  77.3 141.1
1995.1753 1995-03-06 205.7  16.0  80.5 194.0
1995.1945 1995-03-13 189.8  15.0  70.0 163.2
1995.2137 1995-03-20 165.2   6.0  64.3 162.8
1995.2329 1995-03-27 135.7   8.4  49.6 113.7
1995.2521 1995-04-03 127.3   2.2  54.9  97.3
1995.2712 1995-04-10  99.9   8.2  56.1  91.1
1995.2904 1995-04-17  81.2  10.5  57.2  79.8
1995.3096 1995-04-24  52.7   6.9  49.7  73.9
1995.3288 1995-05-01  25.4   4.9  35.8  25.4
1995.3479 1995-05-08  10.6   1.4  44.5  17.1
1995.3671 1995-05-15   7.9   0.1  40.2  11.4
1995.3863 1995-05-22   6.5   0.0  32.2  11.5
1995.4055 1995-05-29   1.3   0.0  16.9   7.1
1995.4247 1995-06-05   1.6   0.0  18.9  12.7
1995.4438 1995-06-12   0.0   0.0   4.0   1.8
1995.4630 1995-06-19   0.0   0.0   0.8   0.0
1995.4822 1995-06-26   0.0   0.0   0.1   0.0
1995.4849 1995-06-27   -99   -99   -99   -99   -99
1995.9288 1995-12-06   0.6   0.0   0.0   0.0
1995.9425 1995-12-11   3.6   0.0   0.4   0.0
1995.9616 1995-12-18   9.2   0.0   1.3   0.0
1995.9808 1995-12-25   6.6   0.0   0.7   0.0
1996.0000 1996-01-01   4.6   0.0   1.4   0.2
1996.0191 1996-01-08  31.2   0.0  12.4   0.9
1996.0383 1996-01-15  54.5   0.0  39.8   7.5
1996.0574 1996-01-22  52.0   0.0  64.6  12.7
1996.0765 1996-01-29  54.3   0.0  83.3  34.4
1996.0956 1996-02-05 158.4   3.3 106.1  60.5
1996.1148 1996-02-12 146.5   4.6 105.1  64.0
1996.1339 1996-02-19 147.5   5.1  96.0  33.9
1996.1530 1996-02-26 125.9   0.7 100.6  24.3
1996.1721 1996-03-04 128.0   3.1 105.3  23.7
1996.1913 1996-03-11 160.7   8.5  99.5  77.1
1996.2104 1996-03-18 115.9   6.3  98.6  39.0
1996.2295 1996-03-25  82.0   0.5  84.7  33.0
1996.2486 1996-04-01  58.2   4.2  69.6  19.1
1996.2705 1996-04-09  26.8   1.0  34.5   8.7
1996.2869 1996-04-15  13.7   0.4  36.8   3.4
1996.3060 1996-04-22  10.3   0.0  35.0   2.5
1996.3251 1996-04-29   1.7   0.0  22.8   2.1
1996.3443 1996-05-06   0.0   0.0   4.2   1.0
1996.3634 1996-05-13   0.0   0.0  14.6   0.0
1996.3825 1996-05-20   0.0   0.0  16.3   0.0
1996.4016 1996-05-27   0.0   0.0   7.3   0.0
1996.4208 1996-06-03   0.0   0.0   5.2   0.0
1996.4399 1996-06-10   0.0   0.0   4.1   0.0
1996.4590 1996-06-17   0.0   0.0   3.5   0.0
1996.4781 1996-06-24   0.0   0.0   1.8   0.0
1996.4809 1996-06-25   -99   -99   -99   -99   -99
1996.9563 1996-12-16   0.0   0.0   0.1   0.0
1996.9754 1996-12-23   0.0   0.0   0.2   0.0
1996.9945 1996-12-30   0.6   0.0  11.1   0.0
1997.0137 1997-01-06  13.1   0.0   9.3   0.0
1997.0329 1997-01-13  11.4   0.0   4.8   0.6
1997.0521 1997-01-20  23.6   0.0  28.0   1.8
1997.0712 1997-01-27  34.4   0.0  60.7   5.3
1997.0904 1997-02-03  93.2   0.1  94.6  33.1
1997.1096 1997-02-10 143.8   2.0  93.2  85.7
1997.1288 1997-02-17 152.1   2.7  83.4 121.4
1997.1479 1997-02-24 170.2   6.4  87.8 138.3
1997.1671 1997-03-03 179.5   7.4  84.0 166.1
1997.1863 1997-03-10 185.6  11.0  81.5 181.1
1997.2055 1997-03-17 148.7  18.9  64.7 157.8
1997.2247 1997-03-24 151.3  23.1  79.4 130.6
1997.2438 1997-03-31 112.9  20.4  81.4 100.6
1997.2630 1997-04-07  75.2   6.6  41.5  65.0
1997.2822 1997-04-14  38.3   5.2  49.6  50.8
1997.3014 1997-04-21  34.2   4.7  31.7  48.3
1997.3205 1997-04-28  34.5   1.0  30.3  28.0
1997.3397 1997-05-05  20.0   0.0  40.1  25.0
1997.3589 1997-05-12   7.8   0.2  35.6  14.9
1997.3781 1997-05-19   3.6   0.0  21.8  11.3
1997.3973 1997-05-26   7.1   0.0  11.2   7.1
1997.4164 1997-06-02   0.5   0.0   9.2   3.0
1997.4356 1997-06-09   0.0   0.0  10.7   1.4
1997.4548 1997-06-16   0.0   0.0   3.7   0.0
1997.4575 1997-06-17   -99   -99   -99   -99   -99
1997.9342 1997-12-08   0.0   0.0   0.0   0.0
1997.9534 1997-12-15   0.0   0.0   0.0   0.0
1997.9726 1997-12-22   4.0   0.0   3.7   0.0
1997.9918 1997-12-29   7.1   0.0   8.7   0.0
1998.0110 1998-01-05  15.3   0.0  17.6   0.4
1998.0301 1998-01-12  25.1   0.0  31.1   4.9
1998.0493 1998-01-19  32.9   0.0  21.1   6.4
1998.0685 1998-01-26  51.3   0.0  43.3  12.0
1998.0877 1998-02-02  84.4   0.3  72.4  22.7
1998.1068 1998-02-09 139.0   0.3  90.0  60.2
1998.1260 1998-02-16 145.4   1.5  88.1  74.9
1998.1452 1998-02-23 116.0   2.3  67.3  95.5
1998.1644 1998-03-02  76.8   0.5  60.6  59.5
1998.1836 1998-03-09  43.6   0.5  65.9  50.2
1998.2027 1998-03-16  55.7   0.2  85.0  51.2
1998.2219 1998-03-23  71.4   0.6  88.7  73.8
1998.2411 1998-03-30  49.0   0.1  81.8  98.8
1998.2603 1998-04-06  17.0   0.1  59.6  87.7
1998.2795 1998-04-13   9.8   0.0  59.5  56.7
1998.2986 1998-04-20   4.7   0.0  57.4  56.9
1998.3178 1998-04-27   5.3   0.0  41.8  32.8
1998.3370 1998-05-04   6.4   0.0  25.4  25.8
1998.3562 1998-05-11   3.3   0.0  24.6  19.8
1998.3753 1998-05-18   0.3   0.0  21.7  11.1
1998.3945 1998-05-25   0.0   0.0  16.1   2.4
1998.4137 1998-06-01   0.0   0.0  17.4   1.2
1998.4329 1998-06-08   0.0   0.0   5.2   0.0
1998.4521 1998-06-15   0.0   0.0   3.8   0.0
1998.4712 1998-06-22   0.0   0.0   0.6   0.0
1998.4740 1998-06-23   -99   -99   -99   -99   -99
1998.9315 1998-12-07   0.0   0.0   0.0   0.0
1998.9507 1998-12-14   0.0   0.0   0.0   0.0
1998.9699 1998-12-21   0.0   0.0   0.9   0.0
1998.9890 1998-12-28   1.3   0.0  12.6   0.1
1999.0082 1999-01-04  18.5   0.0  15.1   1.1
1999.0274 1999-01-11  58.3   0.0  32.4   3.4
1999.0466 1999-01-18  67.8   0.0  43.1   4.6
1999.0658 1999-01-25  52.0   0.0  73.3  15.0
1999.0849 1999-02-01 103.8   0.1  63.3  32.6
1999.1041 1999-02-08 117.2   0.2  66.1  30.0
1999.1233 1999-02-15 126.5   4.7  79.6  46.5
1999.1425 1999-02-22 143.9   2.5  84.7  66.2
1999.1616 1999-03-01 144.8   4.4  60.0  70.5
1999.1808 1999-03-08 114.5   0.4  76.2  56.0
1999.2000 1999-03-15  72.1   0.1  67.6  24.3
1999.2192 1999-03-22  61.2   2.6  61.8  28.8
1999.2384 1999-03-29  38.0   3.9  57.2  32.5
1999.2575 1999-04-05  14.2   0.6  44.2  25.5
1999.2767 1999-04-12  12.1   0.0  38.1  14.4
1999.2959 1999-04-19   9.0   0.0  34.3  11.6
1999.3151 1999-04-26   5.3   0.0  29.6  10.6
1999.3342 1999-05-03   5.5   0.0  37.8  11.1
1999.3534 1999-05-10   2.3   0.0  45.7  16.1
1999.3726 1999-05-17   0.7   0.0  22.7   6.5
1999.3918 1999-05-24   0.2   0.0  22.6   1.3
1999.4110 1999-05-31   0.0   0.0  16.5   0.8
1999.4301 1999-06-07   0.0   0.0  13.8   0.0
1999.4493 1999-06-14   0.0   0.0   5.1   0.1
1999.4685 1999-06-21   0.0   0.0   4.7   0.0
1999.4877 1999-06-28   0.0   0.0   1.2   0.0
1999.5068 1999-07-05   0.0   0.0   0.4   0.0
1999.5096 1999-07-06   -99   -99   -99   -99   -99
1999.9288 1999-12-06   0.0   0.0   0.0   0.0
1999.9479 1999-12-13   0.0   0.0   2.6   0.0
1999.9671 1999-12-20   0.0   0.0   4.2   0.0
1999.9863 1999-12-27   0.5   0.0   7.0   0.3
2000.0055 2000-01-03   5.7   0.0  23.1   5.7
2000.0246 2000-01-10  11.8   0.0  38.1   6.3
2000.0437 2000-01-17  32.9   0.0  66.4  18.7
2000.0628 2000-01-24  57.0   0.0  49.1  20.3
2000.0820 2000-01-31  67.0   0.0  65.9  20.7
2000.1011 2000-02-07  94.1   0.0  71.3  45.6
2000.1202 2000-02-14 119.8   2.9 100.0  88.0
2000.1393 2000-02-21 135.3   5.7  90.5  90.5
2000.1585 2000-02-28 109.2   9.8  86.9 110.6
2000.1776 2000-03-06  49.9   7.0  63.5  80.9
2000.1967 2000-03-13  31.1   2.6  68.2  74.0
2000.2158 2000-03-20  36.1   0.2  82.1  83.0
2000.2350 2000-03-27   8.4   0.5  77.2 112.6
2000.2541 2000-04-03   2.2   0.0  81.6  65.9
2000.2732 2000-04-10   0.8   0.0  63.2  41.3
2000.2923 2000-04-17   0.5   0.0  50.8  14.8
2000.3115 2000-04-24   0.4   0.0  59.9   9.7
2000.3306 2000-05-01   0.9   0.0  41.2   3.9
2000.3497 2000-05-08   0.4   0.0  25.5   3.6
2000.3689 2000-05-15   1.9   0.0  19.0   2.6
2000.3880 2000-05-22   0.0   0.0  21.4   1.8
2000.4071 2000-05-29   0.0   0.0  11.1   0.0
2000.4262 2000-06-05   0.0   0.0  11.6   0.0
2000.4454 2000-06-12   0.0   0.0   6.7   0.0
2000.4645 2000-06-19   0.0   0.0   1.8   0.0
2000.4836 2000-06-26   0.0   0.0   0.0   0.0
2000.5027 2000-07-03   0.0   0.0   0.0   0.0
2000.5055 2000-07-04   -99   -99   -99   -99   -99
2000.9235 2000-12-04   0.0   0.0   0.0   0.0
2000.9426 2000-12-11   0.8   0.0   0.0   0.0
2000.9617 2000-12-18   2.4   0.0   4.2   0.0
2000.9809 2000-12-25   2.1   0.0  13.5   0.0
2001.0000 2001-01-01   4.0   0.0   1.9   0.7
2001.0192 2001-01-08   7.9   0.0   4.1   0.2
2001.0384 2001-01-15  15.0   0.0  12.8   0.8
2001.0575 2001-01-22  30.4   0.0  37.4   4.0
2001.0767 2001-01-29  36.9   0.0  56.4  16.8
2001.0959 2001-02-05  96.7   0.0  69.1  34.7
2001.1151 2001-02-12  39.6   0.0  46.3  56.6
2001.1342 2001-02-19  94.0   0.9  85.6  80.4
2001.1534 2001-02-26 124.6   4.1  95.9  87.4
2001.1726 2001-03-05 154.7  11.7  47.6  57.7
2001.1918 2001-03-12 109.3   7.7  51.5  50.7
2001.2110 2001-03-19  65.2   5.7  22.9  44.7
2001.2301 2001-03-26  46.1   3.3  20.4  31.9
2001.2493 2001-04-02  31.4   2.0  25.0  24.0
2001.2685 2001-04-09  30.1   1.3  29.5  13.9
2001.2877 2001-04-16  23.7   0.4  30.5  14.4
2001.3068 2001-04-23  18.2   0.1  41.8  23.6
2001.3260 2001-04-30   7.0   0.0  56.7  23.3
2001.3452 2001-05-07   3.2   0.0  44.2  18.9
2001.3644 2001-05-14   2.4   0.0  52.4  19.8
2001.3836 2001-05-21   2.0   0.0  34.7  10.2
2001.4027 2001-05-28   2.3   0.0  10.4   2.4
2001.4219 2001-06-04   0.1   0.0   3.3   0.7
2001.4411 2001-06-11   0.0   0.0   1.5   0.0
2001.4603 2001-06-18   0.0   0.0   1.2   0.0
2001.4795 2001-06-25   0.0   0.0   0.6   0.0
2001.4986 2001-07-02   0.0   0.0   0.5   0.0
2001.5178 2001-07-09   0.0   0.0   0.0   0.0
2001.5205 2001-07-10   -99   -99   -99   -99   -99
2001.9205 2001-12-03   0.0   0.0   0.0   0.0
2001.9397 2001-12-10   0.0   0.0   0.1   0.0
2001.9589 2001-12-17   0.0   0.0   0.6   0.0
2001.9781 2001-12-24   0.0   0.0   0.0   0.0
2001.9973 2001-12-31   0.4   0.0   0.2   0.0
2002.0164 2002-01-07   2.9   0.0   9.2   0.1
2002.0356 2002-01-14   3.8   0.0  15.6   0.5
2002.0548 2002-01-21  31.7   0.0  30.5   4.7
2002.0740 2002-01-28  58.4   0.0  42.9  17.8
2002.0932 2002-02-04  99.4   0.0  61.7  52.2
2002.1123 2002-02-11 170.6   0.9  54.5  84.1
2002.1315 2002-02-18 157.1   2.1  76.4  79.8
2002.1507 2002-02-25 160.0   3.4  58.1  67.0
2002.1699 2002-03-04 102.1   1.9  74.5  70.0
2002.1890 2002-03-11 130.0   6.7  91.9  90.2
2002.2082 2002-03-18  62.8   3.0  54.3  91.1
2002.2274 2002-03-25  47.0   2.6  50.8  64.4
2002.2466 2002-04-01  23.3   0.6  52.8  54.2
2002.2658 2002-04-08   7.9   0.0  45.7  45.5
2002.2849 2002-04-15   3.2   0.0  55.6  40.8
2002.3041 2002-04-22   0.6   0.0  37.5  43.0
2002.3233 2002-04-29   2.2   0.0  28.7  27.8
2002.3425 2002-05-06   0.8   0.0  23.3  11.0
2002.3616 2002-05-13   0.3   0.0  30.8  11.5
2002.3808 2002-05-20   2.2   0.0  21.9   3.4
2002.4000 2002-05-27   0.1   0.0  28.5   2.1
2002.4192 2002-06-03   0.0   0.0  28.9   0.4
2002.4384 2002-06-10   0.0   0.0  25.6   0.2
2002.4575 2002-06-17   0.0   0.0  16.4   0.0
2002.4767 2002-06-24   0.0   0.0  16.7   0.0
2002.4959 2002-07-01   0.0   0.0   9.2   0.0
2002.5151 2002-07-08   0.0   0.0   5.5   0.0
2002.5342 2002-07-15   0.0   0.0   0.3   0.0
2002.5534 2002-07-22   0.0   0.0   0.0   0.0
2002.5562 2002-07-23   -99   -99   -99   -99   -99
2002.9178 2002-12-02   0.0   0.0   0.0   0.0
2002.9370 2002-12-09   0.1   0.0   1.0   0.0
2002.9562 2002-12-16   1.4   0.0   5.2   0.1
2002.9753 2002-12-23   0.9   0.0   7.8   0.0
2002.9945 2002-12-30   3.8   0.0   6.0   0.1
2003.0137 2003-01-06  15.2   0.0  15.8   1.0
2003.0329 2003-01-13  19.1   0.0  32.6   1.8
2003.0521 2003-01-20  92.2   0.2  72.0   8.8
2003.0712 2003-01-27  75.8   0.4  44.4   9.1
2003.0904 2003-02-03 100.3   5.9  59.1   3.2
2003.1096 2003-02-10 112.6   8.4  83.6  17.2
2003.1288 2003-02-17 169.3  30.4  91.4  65.7
2003.1479 2003-02-24 166.6  31.2  83.5 107.8
2003.1671 2003-03-03 193.1  51.7  59.1 118.9
2003.1863 2003-03-10 171.3  46.0  75.6 131.7
2003.2055 2003-03-17 179.5  45.7  77.2 155.6
2003.2247 2003-03-24 169.2  41.6  70.4 165.2
2003.2438 2003-03-31 130.3  25.5  68.5 115.4
2003.2630 2003-04-07  64.8  18.1  62.4  70.7
2003.2822 2003-04-14  39.7   9.3  61.2  81.3
2003.3014 2003-04-21  25.9   4.8  76.0  88.1
2003.3205 2003-04-28  25.5   0.0  54.6  58.9
2003.3397 2003-05-05  13.9   0.0  57.3  39.1
2003.3589 2003-05-12   7.6   0.0  45.3  15.8
2003.3781 2003-05-19  13.0   0.0  28.4   3.2
2003.3973 2003-05-26   4.4   0.0  25.9   0.2
2003.4164 2003-06-02   2.2   0.0   3.7   0.0
2003.4356 2003-06-09   0.0   0.0   0.4   0.0
2003.4548 2003-06-16   0.0   0.0   0.0   0.0
2003.4740 2003-06-23   0.0   0.0   0.0   0.0
2003.4767 2003-06-24   -99   -99   -99   -99   -99
2003.9151 2003-12-01   0.0   0.0   0.0   0.0
2003.9342 2003-12-08   0.0   0.0   0.0   0.0
2003.9534 2003-12-15   0.6   0.0   0.0   0.0
2003.9726 2003-12-22   2.2   0.0   0.0   0.0
2003.9918 2003-12-29   4.4   0.0   5.3   0.0
2004.0109 2004-01-05   4.8   0.0   5.1   0.0
2004.0301 2004-01-12  32.0   0.0   7.7   0.1
2004.0492 2004-01-19  32.4   0.0   4.3   0.4
2004.0683 2004-01-26  54.5   1.1  20.3   0.6
2004.0874 2004-02-02  60.8   6.6   7.4   0.3
2004.1066 2004-02-09  72.4   6.9  19.5   0.7
2004.1257 2004-02-16 100.8  20.9  63.1   4.4
2004.1448 2004-02-23  87.7  15.2  51.5  17.8
2004.1639 2004-03-01  64.9   5.5  23.0  20.6
2004.1831 2004-03-08  86.0   6.5  24.9  14.6
2004.2022 2004-03-15  98.0   5.9  29.5  21.7
2004.2213 2004-03-22 113.3   6.9  39.8  24.5
2004.2404 2004-03-29  86.7  10.0  51.3  41.3
2004.2596 2004-04-05  46.3   5.1  61.7  41.7
2004.2787 2004-04-12  26.0   2.8  54.0  22.7
2004.2978 2004-04-19  12.9   2.9  47.2   4.0
2004.3169 2004-04-26   4.8   1.4  41.2  10.5
2004.3361 2004-05-03   3.0   0.0  37.7   9.4
2004.3388 2004-05-04   3.0   0.0  37.7   9.4
2004.3552 2004-05-10   0.2   0.0  29.4   3.7
2004.3743 2004-05-17   0.2   0.0  18.0   1.5
2004.3934 2004-05-24   0.0   0.0   9.8   0.5
2004.4126 2004-05-31   0.0   0.0   3.4   0.0
2004.4317 2004-06-07   0.0   0.0   2.0   0.0
2004.4508 2004-06-14   0.0   0.0   0.0   0.0
2004.4699 2004-06-21   0.0   0.0   0.0   0.0
2004.4727 2004-06-22   -99   -99   -99   -99   -99
2004.8907 2004-11-22   0.0   0.0   0.0   0.0
2004.9098 2004-11-29   0.0   0.0   0.0   0.0
2004.9290 2004-12-06   0.0   0.0   0.0   0.0
2004.9481 2004-12-13   0.4   0.0   0.0   0.0
2004.9672 2004-12-20   2.4   0.0   1.6   0.0
2004.9863 2004-12-27   1.6   0.0   3.7   0.0
2005.0055 2005-01-03   8.7   0.0  13.9   0.2
2005.0247 2005-01-10  22.4   0.0  35.6   7.1
2005.0438 2005-01-17  32.6   0.0  33.9   9.7
2005.0630 2005-01-24  81.4   0.0  68.8  29.9
2005.0822 2005-01-31 131.7   0.9  69.3  45.4
2005.1014 2005-02-07 142.2   0.0  88.2  55.1
2005.1205 2005-02-14 124.7   0.7  70.5  54.3
2005.1397 2005-02-21 147.8   4.4  93.2  75.9
2005.1589 2005-02-28 129.4   9.0  76.1  57.5
2005.1781 2005-03-07 167.9   6.4  96.6  86.5
2005.1973 2005-03-14 141.6   2.2  69.5  86.5
2005.2164 2005-03-21  77.7   2.7  17.1  44.7
2005.2356 2005-03-28  71.7   3.5  38.8  30.2
2005.2548 2005-04-04  41.8   0.6  48.9  26.1
2005.2740 2005-04-11  30.2   1.5  47.7  13.5
2005.2932 2005-04-18   6.8   3.1  40.6   9.6
2005.3123 2005-04-25   2.0   0.4  25.2  14.4
2005.3315 2005-05-02   1.3   0.0  20.9   4.9
2005.3507 2005-05-09   0.1   0.0  14.7   3.1
2005.3699 2005-05-16   0.0   0.0   9.5   0.0
2005.3890 2005-05-23   0.0   0.0   3.4   0.0
2005.4082 2005-05-30   0.0   0.0   1.3   0.0
2005.4274 2005-06-06   0.0   0.0   0.0   0.0
2005.4466 2005-06-13   0.0   0.0   0.0   0.0
2005.4493 2005-06-14   -99   -99   -99   -99   -99
2005.9260 2005-12-05   0.0   0.0   0.0   0.0
2005.9452 2005-12-12   0.0   0.0   0.0   0.0
2005.9644 2005-12-19   0.5   0.0   0.0   0.0
2005.9836 2005-12-26   1.7   0.0   3.3   0.0
2006.0027 2006-01-02   4.0   0.0   6.8   0.0
2006.0219 2006-01-09   7.7   0.0  21.3   0.4
2006.0411 2006-01-16   4.9   0.0  36.4   1.7
2006.0603 2006-01-23   8.4   0.0  26.6   1.9
2006.0795 2006-01-30   9.8   0.0  23.3   9.0
2006.0986 2006-02-06  24.0   0.0  40.2  12.3
2006.1178 2006-02-13  42.3   0.0  54.7  23.2
2006.1370 2006-02-20  61.9   0.0  84.7  34.5
2006.1562 2006-02-27  77.3   0.0  77.0  47.8
2006.1753 2006-03-06  79.4   2.7  46.9  41.0
2006.1945 2006-03-13  49.6   1.2  51.6  47.8
2006.2137 2006-03-20  32.9   2.4  27.4  32.2
2006.2329 2006-03-27  16.1   0.5  22.8   5.9
2006.2521 2006-04-03   8.0   0.0  29.1   3.0
2006.2712 2006-04-10   6.2   0.0  29.2   5.0
2006.2904 2006-04-17   5.1   0.0  26.9   4.5
2006.3096 2006-04-24   2.7   0.0  29.6   1.9
2006.3288 2006-05-01   0.0   0.0  26.4   0.0
2006.3479 2006-05-08   0.0   0.0   9.8   0.0
2006.3671 2006-05-15   0.0   0.0   2.1   0.0
2006.3863 2006-05-22   0.0   0.0   0.6   0.0
2006.4055 2006-05-29   0.0   0.0   0.0   0.0
2006.4247 2006-06-05   0.0   0.0   0.0   0.0
2006.4438 2006-06-12   0.0   0.0   0.0   0.0
2006.4630 2006-06-19   0.0   0.0   0.0   0.0
2006.4822 2006-06-26   0.0   0.0   0.0   0.0
2006.4849 2006-06-27   -99   -99   -99   -99   -99
2006.9041 2006-11-27   0.0   0.0   0.0   0.0
2006.9233 2006-12-04   0.0   0.0   0.0   0.0
2006.9425 2006-12-11   0.0   0.0   0.3   0.0
2006.9616 2006-12-18   0.1   0.0   0.1   0.0
2006.9644 2006-12-19   0.1   0.0   0.1   0.0
2006.9836 2006-12-26   0.1   0.0   0.2   0.0
2007.0000 2007-01-01   0.4   0.0   2.3   0.0
2007.0192 2007-01-08   1.3   0.0   8.6   0.2
2007.0384 2007-01-15   2.3   0.0   9.6   0.6
2007.0575 2007-01-22  10.5   0.0  20.2   0.9
2007.0767 2007-01-29  42.3   0.0  34.2   7.0
2007.0959 2007-02-05  43.9   0.0  71.3  30.7
2007.1151 2007-02-12 106.3   6.5  88.5  45.1
2007.1342 2007-02-19 109.7   7.5  74.9  45.5
2007.1534 2007-02-26  62.2   8.1  24.0  69.5
2007.1726 2007-03-05  60.8   4.9  26.3  43.7
2007.1918 2007-03-12 107.7  17.2  56.1  55.2
2007.1945 2007-03-13 107.7  17.2  56.1  55.2
2007.2110 2007-03-19  79.4   6.0  60.4  31.4
2007.2301 2007-03-26  35.9   3.8  74.8  58.0
2007.2493 2007-04-02  16.4   0.4  45.3  54.5
2007.2685 2007-04-09  12.2   0.0  30.5  33.9
2007.2877 2007-04-16  15.1   0.0  35.1  40.6
2007.3068 2007-04-23   8.9   0.0  45.5  33.7
2007.3452 2007-05-07   4.7   0.0  29.5  28.6
2007.3644 2007-05-14   4.4   0.0  33.7  30.5
2007.3836 2007-05-21   3.1   0.0  44.7  32.7
2007.4027 2007-05-28   2.8   0.0  43.2  20.8
2007.4219 2007-06-04   1.9   0.0  31.1   7.6
2007.4411 2007-06-11   0.0   0.0  30.1   5.4
2007.4603 2007-06-18   0.0   0.0  18.0   0.0
2007.4795 2007-06-25   0.0   0.0   6.4   0.0
2007.4986 2007-07-02   0.0   0.0   3.9   0.0
2007.5178 2007-07-09   0.0   0.0   0.0   0.0
2007.5370 2007-07-16   0.0   0.0   0.0   0.0
2007.5397 2007-07-17   -99   -99   -99   -99   -99
2008.0164 2008-01-07  27.7   0.0  49.4  16.1
2008.0355 2008-01-14  13.3   0.1  39.1  11.6
2008.0546 2008-01-21  21.5   0.1  63.4  22.3
2008.0738 2008-01-28 111.5   0.2  86.9  73.1
2008.0929 2008-02-04  96.7   0.1  74.0  77.4
2008.1120 2008-02-11 118.9   0.1  74.1  77.4
2008.1311 2008-02-18 151.5   3.2  70.7 102.1
2008.1503 2008-02-25 154.6   6.5  93.3 122.1
2008.1694 2008-03-03 165.3   7.3  88.0 124.6
2008.1885 2008-03-10 171.7   5.2  76.0 109.0
2008.2077 2008-03-17 150.4   4.4  65.5 132.5
2008.2268 2008-03-24 119.2   4.9  54.3  92.1
2008.2459 2008-03-31 126.8   5.7  59.3 110.2
2008.2650 2008-04-07  48.7  10.3  76.0 137.1
2008.2842 2008-04-14  28.4  10.4  54.2  86.1
2008.3033 2008-04-21   6.0   3.6  34.1  75.6
2008.3224 2008-04-28   6.1   0.1  30.7  23.5
2008.3415 2008-05-05   4.0   0.5  31.7  10.7
2008.3607 2008-05-12   2.4   0.0  32.4   2.1
2008.3798 2008-05-19   1.1   0.0  16.1   2.9
2008.3989 2008-05-26   0.5   0.0   2.7   0.6
2008.4180 2008-06-02   0.0   0.0   2.9   2.3
2008.4372 2008-06-09   0.0   0.0   0.0   0.0
2008.4563 2008-06-16   0.0   0.0   0.0   0.0
2008.4754 2008-06-23   0.0   0.0   0.0   0.0
2008.4945 2008-06-30   0.0   0.0   0.0   0.0
2008.4973 2008-07-01   -99   -99   -99   -99   -99
2008.9153 2008-12-01   0.0   0.0   0.0   0.0
2008.9344 2008-12-08   0.0   0.0   0.0   0.0
2008.9536 2008-12-15   0.6   0.0   0.1   0.0
2008.9727 2008-12-22   3.5   0.0   7.2   0.0
2008.9918 2008-12-29   7.3   0.0  14.1   0.3
2009.0110 2009-01-05   9.8   0.0   9.7   0.5
2009.0301 2009-01-12  18.2   0.0  13.5   1.4
2009.0493 2009-01-19  50.1   0.0  65.9  12.3
2009.0685 2009-01-26 110.7   2.1  79.0  28.2
2009.0877 2009-02-02 151.9   3.3  78.3  57.3
2009.1068 2009-02-09 151.5   8.7  83.1  64.4
2009.1260 2009-02-16 173.7  17.1  42.8  97.0
2009.1452 2009-02-23 168.0   6.9  54.5  90.7
2009.1644 2009-03-02 157.2   7.2  60.5  87.4
2009.1836 2009-03-09 158.4   9.1  59.3  89.0
2009.2027 2009-03-16 120.7  15.7  81.7 122.5
2009.2219 2009-03-23  99.3  13.3  74.8 156.2
2009.2411 2009-03-30  66.6   8.5  57.0 114.1
2009.2603 2009-04-06  47.2   3.6  54.6  67.3
2009.2795 2009-04-13  24.3   0.4  65.2  53.3
2009.2986 2009-04-20  10.9   0.0  48.3  53.2
2009.3178 2009-04-27   2.8   0.0  58.0  48.4
2009.3370 2009-05-04   1.4   0.0  59.2  49.5
2009.3562 2009-05-11   1.5   0.0  51.6  30.6
2009.3753 2009-05-18   0.0   0.0  48.2  22.5
2009.3945 2009-05-25   0.0   0.0  59.2  24.4
2009.4137 2009-06-01   0.2   0.0  34.7   8.5
2009.4329 2009-06-08   0.0   0.0  33.3   1.5
2009.4521 2009-06-15   0.0   0.0  13.8   0.0
2009.4712 2009-06-22   0.0   0.0   5.7   0.0
2009.4904 2009-06-29   0.0   0.0   3.3   0.0
2009.5096 2009-07-06   0.0   0.0   0.4   0.0
2009.5288 2009-07-13   0.0   0.0   0.0   0.0
2009.5315 2009-07-14   -99   -99   -99   -99   -99
2009.8932 2009-11-23   0.0   0.0   0.0   0.0
2009.9123 2009-11-30   0.0   0.0   0.0   0.0
2009.9315 2009-12-07   0.0   0.0   0.0   0.0
2009.9507 2009-12-14   0.4   0.0   0.1   0.0
2009.9699 2009-12-21   1.9   0.0   0.1   0.0
2009.9890 2009-12-28   1.7   0.0   0.4   0.0
2010.0082 2010-01-04   1.5   0.0   0.3   0.0
2010.0274 2010-01-11   2.0   0.0   0.3   0.0
2010.0466 2010-01-18   8.1   0.0   2.9   0.0
2010.0658 2010-01-25  16.5   0.0  13.7   1.3
2010.0849 2010-02-01  20.1   0.0  31.3   2.3
2010.1041 2010-02-08  35.0   0.0  37.5  13.0
2010.1233 2010-02-15  28.5   0.0  12.2   1.4
2010.1425 2010-02-22  15.3   0.0  10.1   0.7
2010.1616 2010-03-01  10.5   0.0  22.9   1.2
2010.1808 2010-03-08   8.1   0.0  26.1   0.8
2010.2000 2010-03-15   4.4   0.0  47.0   2.8
2010.2192 2010-03-22   5.4   0.0  57.2   5.9
2010.2384 2010-03-29   3.9   0.0  58.7   3.9
2010.2575 2010-04-05   1.1   0.0  53.3   6.4
2010.2767 2010-04-12   0.2   0.0  48.0   7.9
2010.2959 2010-04-19   0.8   0.0  32.4   2.3
2010.3151 2010-04-26   3.4   0.0  30.4   2.8
2010.3342 2010-05-03   2.2   0.0  22.3   0.9
2010.3534 2010-05-10   0.2   0.0  12.3   0.0
2010.3726 2010-05-17   0.0   0.0   8.2   0.0
2010.3918 2010-05-24   0.0   0.0  12.5   0.0
2010.4110 2010-05-31   0.0   0.0  12.4   0.0
2010.4301 2010-06-07   0.0   0.0  14.3   0.0
2010.4493 2010-06-14   0.0   0.0  10.5   0.0
2010.4685 2010-06-21   0.0   0.0   8.9   0.0
2010.4877 2010-06-28   0.0   0.0   0.8   0.0
2010.5068 2010-07-05   0.0   0.0   0.0   0.0
2010.5260 2010-07-12   0.0   0.0   0.0   0.0
2010.5452 2010-07-19   0.0   0.0   0.0   0.0
2010.5479 2010-07-20   -99   -99   -99   -99   -99
2010.8904 2010-11-22   0.0   0.0   0.0   0.0
2010.9096 2010-11-29   0.0   0.0   0.0   0.0
2010.9288 2010-12-06   0.0   0.0   0.0   0.0
2010.9479 2010-12-13   0.0   0.0   0.0   0.0
2010.9671 2010-12-20   1.4   0.0   0.0   0.0
2010.9863 2010-12-27   1.2   0.0   0.0   0.0
2011.0055 2011-01-03   1.7   0.0   0.0   0.0
2011.0247 2011-01-10   0.9   0.0   0.0   0.0
2011.0438 2011-01-17   3.3   0.0   0.1   0.0
2011.0630 2011-01-24   8.4   0.0   0.5   0.0
2011.0822 2011-01-31  20.2   0.0   7.5   0.4
2011.1014 2011-02-07  20.9   0.0  12.6   0.4
2011.1205 2011-02-14  40.8   0.0  34.6   2.9
2011.1397 2011-02-21  26.1   0.0   9.7   2.6
2011.1589 2011-02-28  42.5   0.3  26.8   9.1
2011.1781 2011-03-07  50.5   0.1  41.6  11.3
2011.1973 2011-03-14  44.8   0.3  50.1  21.4
2011.2164 2011-03-21  20.4   0.3  36.0  21.6
2011.2356 2011-03-28   9.3   0.0  16.0  17.4
2011.2548 2011-04-04   7.6   0.0  16.8  10.8
2011.2740 2011-04-11   4.6   0.0  26.7   6.0
2011.2932 2011-04-18   1.3   0.0  30.1   8.1
2011.3123 2011-04-25   0.4   0.0  25.4   2.8
2011.3315 2011-05-02   1.2   0.0  27.4   1.3
2011.3507 2011-05-09   0.6   0.0  14.1   0.4
2011.3699 2011-05-16   0.0   0.0   6.2   0.0
2011.3890 2011-05-23   0.0   0.0   1.9   0.0
2011.4082 2011-05-30   0.0   0.0   1.4   0.0
2011.4274 2011-06-06   0.0   0.0   0.0   0.0
2011.4466 2011-06-13   0.0   0.0   0.0   0.0
2011.4658 2011-06-20   0.0   0.0   0.0   0.0
2011.4849 2011-06-27   0.0   0.0   0.0   0.0
2011.5041 2011-07-04   0.0   0.0   0.0   0.0
2011.5233 2011-07-11   0.0   0.0   0.0   0.0
2011.5425 2011-07-18   0.0   0.0   0.0   0.0
2011.5616 2011-07-25   0.0   0.0   0.0   0.0
2011.5808 2011-08-01   0.0   0.0   0.0   0.0
2011.6000 2011-08-08   0.0   0.0   0.0   0.0
2011.6192 2011-08-15   0.0   0.0   0.0   0.0
2011.6384 2011-08-22   0.0   0.0   0.0   0.0
2011.6575 2011-08-29   0.0   0.0   0.0   0.0
2011.6603 2011-08-30   -99   -99   -99   -99   -99
2011.8685 2011-11-14   0.0   0.0   0.0   0.0
2011.8877 2011-11-21   0.0   0.0   0.0   0.0
2011.9068 2011-11-28   0.0   0.0   0.0   0.0
2011.9260 2011-12-05   0.0   0.0   0.0   0.0
2011.9452 2011-12-12   0.0   0.0   0.1   0.0
2011.9644 2011-12-19   0.1   0.0   2.8   0.0
2011.9836 2011-12-26   0.6   0.0   5.2   0.1
2012.0027 2012-01-02   1.7   0.0   9.0   0.2
2012.0219 2012-01-09   6.9   0.0  19.9   0.7
2012.0410 2012-01-16  14.3   0.0  27.1   3.1
2012.0601 2012-01-23  34.0   0.0  35.0   4.8
2012.0792 2012-01-30  25.1   0.0  47.8   9.8
2012.0984 2012-02-06  68.1   0.1  44.5  20.9
2012.1175 2012-02-13  72.9   0.1  67.0  16.3
2012.1366 2012-02-20  70.3   0.2  65.4  23.3
2012.1557 2012-02-27  32.4   1.4  56.4  39.7
2012.1749 2012-03-05  92.8   2.3  77.0  61.5
2012.1940 2012-03-12  56.9   0.8  81.2  77.5
2012.2131 2012-03-19  14.5   0.0  81.4  96.1
2012.2322 2012-03-26   5.9   0.0  49.0  88.9
2012.2514 2012-04-02   8.0   0.0  34.9  78.3
2012.2705 2012-04-09   6.6   0.0  39.6  65.7
2012.2896 2012-04-16   8.0   0.0  47.8  44.2
2012.3087 2012-04-23   7.0   0.0  53.1  21.4
2012.3279 2012-04-30   3.4   0.0  40.3  12.0
2012.3470 2012-05-07   1.4   0.0  46.9  10.4
2012.3661 2012-05-14   0.2   0.0  27.6   4.6
2012.3852 2012-05-21   0.0   0.0  19.8   0.0
2012.4044 2012-05-28   0.0   0.0   9.8   0.0
2012.4235 2012-06-04   0.0   0.0   4.8   0.0
2012.4426 2012-06-11   0.0   0.0   1.0   0.0
2012.4617 2012-06-18   0.0   0.0   0.0   0.0
2012.4809 2012-06-25   0.0   0.0   0.0   0.0
2012.5000 2012-07-02   0.0   0.0   0.0   0.0
2012.5191 2012-07-09   0.0   0.0   0.0   0.0
2012.5383 2012-07-16   0.0   0.0   0.0   0.0
2012.5574 2012-07-23   0.0   0.0   0.0   0.0
2012.5765 2012-07-30   0.0   0.0   0.0   0.0
2012.5956 2012-08-06   0.0   0.0   0.0   0.0
2012.6148 2012-08-13   0.0   0.0   0.0   0.0
2012.6339 2012-08-20   0.0   0.0   0.0   0.0
2012.6530 2012-08-27   0.0   0.0   0.0   0.0
2012.6557 2012-08-28   -99   -99   -99   -99   -99
2012.8634 2012-11-12   0.0   0.0   0.0   0.0
2012.8825 2012-11-19   0.0   0.0   0.0   0.0
2012.9208 2012-12-03   0.0   0.0   0.0   0.0
2012.9399 2012-12-10   0.0   0.0   0.0   0.0
2012.9590 2012-12-17   0.0   0.0   0.1   0.0
2012.9781 2012-12-24   0.8   0.0   0.2   0.0
2012.9973 2012-12-31   1.3   0.0   0.8   0.1
2013.0164 2013-01-07   6.7   0.0   4.3   0.0
2013.0356 2013-01-14   9.3   0.0  13.7   0.4
2013.0548 2013-01-21  14.0   0.0  35.6   3.1
2013.0740 2013-01-28  41.7   0.1  58.8  20.1
2013.0932 2013-02-04  37.8   0.1  56.2  14.0
2013.1123 2013-02-11  86.7   0.6  71.0  26.4
2013.1315 2013-02-18  71.2   0.6  56.3  45.5
2013.1507 2013-02-25  63.3   2.0  46.1  32.5
2013.1699 2013-03-04  38.5   2.4  24.7  17.9
2013.1890 2013-03-11  37.4   1.2  34.5  20.4
2013.2082 2013-03-18  32.2   1.3  48.5  25.2
2013.2274 2013-03-25  23.4   0.5  30.7   8.4
2013.2466 2013-04-01  26.3   1.1  21.9   7.1
2013.2658 2013-04-08   8.6   1.2  32.8  15.0
2013.2849 2013-04-15  13.3   0.8  25.9   9.7
2013.3041 2013-04-22   1.1   0.0  42.8  13.7
2013.3233 2013-04-29   0.5   0.0  44.8   9.7
2013.3425 2013-05-06   0.0   0.0  43.0   6.2
2013.3616 2013-05-13   0.0   0.0  39.6   0.8
2013.3808 2013-05-20   0.0   0.0  28.7   0.1
2013.4000 2013-05-27   0.0   0.0  12.6   0.0
2013.4192 2013-06-03   0.0   0.0   4.3   0.0
2013.4384 2013-06-10   0.0   0.0   2.3   0.0
2013.4575 2013-06-17   0.0   0.0   1.1   0.0
2013.4767 2013-06-24   0.0   0.0   0.8   0.0
2013.4959 2013-07-01   0.0   0.0   4.2   0.0
2013.5151 2013-07-08   0.0   0.0   2.5   0.0
2013.5342 2013-07-15   0.0   0.0   0.0   0.0
2013.5534 2013-07-22   0.0   0.0   0.0   0.0
2013.5726 2013-07-29   0.0   0.0   0.0   0.0
2013.5918 2013-08-05   0.0   0.0   0.0   0.0
2013.6110 2013-08-12   0.0   0.0   0.0   0.0
2013.6301 2013-08-19   0.0   0.0   0.0   0.0
2013.6493 2013-08-26   0.0   0.0   0.0   0.0
2013.6521 2013-08-27   -99   -99   -99   -99   -99
2013.8603 2013-11-11   0.0   0.0   0.0   0.0
2013.8795 2013-11-18   0.0   0.0   0.0   0.0
2013.8986 2013-11-25   0.0   0.0   0.0   0.0
2013.9178 2013-12-02   0.0   0.0   0.0   0.0
2013.9370 2013-12-09   0.3   0.0   0.1   0.0
2013.9562 2013-12-16   4.1   0.0   3.1   0.0
2013.9753 2013-12-23  19.3   0.0  11.3   0.7
2013.9945 2013-12-30  27.4   0.0  30.0   5.7
2014.0137 2014-01-06  75.1   0.0  39.9  16.3
2014.0329 2014-01-13  55.4   0.0  61.5  33.8
2014.0521 2014-01-20  27.2   0.0  76.3  31.9
2014.0712 2014-01-27  85.8   0.0  84.5  52.9
2014.0904 2014-02-03 119.0   1.4  88.0  77.6
2014.1096 2014-02-10 156.7  13.1  92.4 131.3
2014.1288 2014-02-17 189.4   8.4  67.5 132.4
2014.1479 2014-02-24 193.9   6.3  72.8 130.5
2014.1671 2014-03-03 206.3  14.0  79.2 141.8
2014.1863 2014-03-10 185.3  26.3  80.5 197.1
2014.2055 2014-03-17 174.6  14.4  89.3 157.0
2014.2247 2014-03-24 137.2  17.2  86.0 126.0
2014.2438 2014-03-31 110.7  14.3  72.6 112.6
2014.2630 2014-04-07 103.0   8.1  58.6 106.1
2014.2822 2014-04-14  64.2   6.2  70.0  86.9
2014.3014 2014-04-21  21.6   0.1  68.2  68.7
2014.3205 2014-04-28  13.4   0.0  62.3  46.7
2014.3397 2014-05-05   8.1   0.0  40.6  47.4
2014.3589 2014-05-12  16.0   0.0  32.2  22.7
2014.3781 2014-05-19   8.4   0.0  43.8  20.8
2014.3973 2014-05-26   6.7   0.0  40.3   9.8
2014.4164 2014-06-02   7.0   0.0  38.9  12.7
2014.4356 2014-06-09   2.4   0.0  23.3   5.4
2014.4384 2014-06-10   -99   -99   -99   -99   -99
2014.8575 2014-11-10   0.0   0.0   0.0   0.0
2014.8767 2014-11-17   0.0   0.0   0.0   0.0
2014.8959 2014-11-24   0.0   0.0   0.0   0.0
2014.9151 2014-12-01   0.0   0.0   0.0   0.0
2014.9342 2014-12-08   0.5   0.0   2.6   0.0
2014.9534 2014-12-15   0.7   0.0   6.3   0.0
2014.9726 2014-12-22   2.0   0.0  10.6   0.2
2014.9918 2014-12-29   0.3   0.0   6.2   0.0
2015.0110 2015-01-05   6.0   0.0  27.9   5.5
2015.0301 2015-01-12  32.9   0.0  54.3  13.7
2015.0493 2015-01-19  42.3   0.1  71.9  32.9
2015.0685 2015-01-26  48.3   0.1  87.7  25.4
2015.0877 2015-02-02  59.7   0.2  83.9  44.8
2015.1068 2015-02-09 181.2   8.6  89.6  73.1
2015.1260 2015-02-16 121.0   4.0  76.8  97.2
2015.1452 2015-02-23 165.2  13.1  86.6 122.8
2015.1644 2015-03-02 174.1  23.0  93.4 160.7
2015.1836 2015-03-09 182.6  33.5  90.3 171.8
2015.2027 2015-03-16 170.5  31.1  78.4 178.9
2015.2219 2015-03-23 119.2  16.0  61.3 151.2
2015.2411 2015-03-30  77.6  22.4  80.3 132.3
2015.2603 2015-04-06  37.0  16.1  66.7 108.5
2015.2795 2015-04-13  25.8  21.7  63.2  96.7
2015.2986 2015-04-20  22.8  17.1  59.9  91.1
2015.3178 2015-04-27  28.8   6.0  43.2  50.6
2015.3370 2015-05-04  21.5   2.1  46.9  31.5
2015.3562 2015-05-11   3.0   0.2  43.5  27.8
2015.3753 2015-05-18   0.6   0.0  43.3  11.9
2015.3945 2015-05-25   0.0   0.0  21.8   2.5
2015.4137 2015-06-01   0.0   0.0   9.1   0.0
2015.4329 2015-06-08   0.0   0.0   4.7   0.0
2015.4521 2015-06-15   0.0   0.0   2.4   0.0
2015.4712 2015-06-22   0.0   0.0   0.3   0.0
2015.4904 2015-06-29   0.0   0.0   0.0   0.0
2015.5096 2015-07-06   0.0   0.0   0.0   0.0
2015.5288 2015-07-13   0.0   0.0   0.0   0.0
2015.5479 2015-07-20   0.0   0.0   0.0   0.0
2015.5671 2015-07-27   0.0   0.0   0.0   0.0
2015.5863 2015-08-03   0.0   0.0   0.0   0.0
2015.6055 2015-08-10   0.0   0.0   0.0   0.0
2015.6247 2015-08-17   0.0   0.0   0.0   0.0
2015.6438 2015-08-24   0.0   0.0   0.0   0.0
2015.6466 2015-08-25   -99   -99   -99   -99   -99
2015.8548 2015-11-09   0.0   0.0   0.0   0.0
2015.8740 2015-11-16   0.0   0.0   0.0   0.0
2015.8932 2015-11-23   0.0   0.0   0.0   0.0
2015.9123 2015-11-30   0.0   0.0   0.0   0.0
2015.9315 2015-12-07   0.0   0.0   0.0   0.0
2015.9507 2015-12-14   0.0   0.0   0.7   0.0
2015.9699 2015-12-21   0.0   0.0   3.4   0.0
2015.9890 2015-12-28   0.0   0.0   6.4   0.0
2016.0082 2016-01-04   4.1   0.0  38.2   2.5
2016.0273 2016-01-11   5.1   0.0  36.3   6.0
2016.0464 2016-01-18   8.0   0.0  54.4   6.2
2016.0656 2016-01-25  15.1   0.0  41.1  25.9
2016.0847 2016-02-01  22.1   0.1  74.8  37.1
2016.1038 2016-02-08  29.5   0.1  85.1  57.4
2016.1230 2016-02-15  68.8   0.1  92.2  72.0
2016.1421 2016-02-22  44.2   0.1  95.7  92.9
2016.1612 2016-02-29  42.8   0.1 104.1  71.1
2016.1803 2016-03-07  62.7   0.1  98.5  82.3
2016.1995 2016-03-14  49.5   0.0  86.9 139.6
2016.2186 2016-03-21  51.0   0.0  77.5 137.0
2016.2377 2016-03-28  58.7   0.3  79.3 136.0
2016.2568 2016-04-04   5.6   0.0  69.1  76.7
2016.2760 2016-04-11   2.3   0.0  77.8  46.4
2016.2951 2016-04-18   0.7   0.0  82.4  44.9
2016.3142 2016-04-25   2.1   0.0  75.9  47.7
2016.3333 2016-05-02   0.3   0.0  72.8  39.8
2016.3525 2016-05-09   0.2   0.0  56.5  19.4
2016.3716 2016-05-16   0.4   0.0  41.8   7.4
2016.3907 2016-05-23   0.2   0.0  27.8   3.8
2016.4098 2016-05-30   0.0   0.0  18.2   0.0
2016.4290 2016-06-06   0.0   0.0  14.7   0.0
2016.4481 2016-06-13   0.0   0.0  10.4   0.0
2016.4672 2016-06-20   0.0   0.0  10.7   0.0
2016.4863 2016-06-27   0.0   0.0  10.6   0.0
2016.5055 2016-07-04   0.0   0.0   2.1   0.0
2016.5246 2016-07-11   0.0   0.0   0.7   0.0
2016.5437 2016-07-18   0.0   0.0   0.0   0.0
2016.5820 2016-08-01   0.0   0.0   0.0   0.0
2016.6011 2016-08-08   0.0   0.0   0.0   0.0
2016.6202 2016-08-15   0.0   0.0   0.0   0.0
2016.6393 2016-08-22   0.0   0.0   0.0   0.0
2016.6585 2016-08-29   0.0   0.0   0.0   0.0
2016.6612 2016-08-30   -99   -99   -99   -99   -99
2016.8689 2016-11-14   0.0   0.0   0.0   0.0
2016.8880 2016-11-21   0.0   0.0   0.0   0.0
2016.9071 2016-11-28   0.0   0.0   0.0   0.0
2016.9262 2016-12-05   0.0   0.0   0.0   0.0
2016.9454 2016-12-12   0.0   0.0   0.2   0.0
2016.9645 2016-12-19   1.3   0.0   1.8   0.0
2016.9836 2016-12-26   1.9   0.0  13.0   0.3
2017.0027 2017-01-02   2.4   0.0  20.9   0.2
2017.0219 2017-01-09   7.2   0.0  40.4   2.6
2017.0411 2017-01-16  12.3   0.0  63.0  14.2
2017.0603 2017-01-23  14.5   0.1  63.1  17.6
2017.0795 2017-01-30   9.4   0.1  68.5  24.7
2017.0986 2017-02-06  26.6   0.1  82.8  67.7
2017.1178 2017-02-13  94.6   0.4  84.0 102.6
2017.1370 2017-02-20  64.4   0.1  63.3  87.3
2017.1562 2017-02-27  51.0   0.1  72.5  80.9
2017.1753 2017-03-06  68.8   0.3  38.2  99.6
2017.1945 2017-03-13 112.2   5.0  30.4  83.6
2017.2137 2017-03-20  76.1   5.2  58.0  69.8
2017.2329 2017-03-27  64.4   5.5  72.5  92.3
2017.2521 2017-04-03  28.0   0.3  50.9  58.3
2017.2712 2017-04-10  21.5   0.2  52.7  48.3
2017.2904 2017-04-17  20.0   0.7  70.9  53.5
2017.3096 2017-04-24  11.1   0.0  62.0  46.8
2017.3288 2017-05-01   5.2   0.0  74.8  60.9
2017.3479 2017-05-08   3.6   0.0  61.3  68.3
2017.3671 2017-05-15   2.9   0.0  62.6  50.4
2017.3863 2017-05-22   6.0   0.0  38.1  19.4
2017.4055 2017-05-29   8.5   0.0  28.6  16.1
2017.4247 2017-06-05   5.5   0.0  15.1  14.6
2017.4438 2017-06-12   2.9   0.0   8.0   9.1
2017.4630 2017-06-19   0.0   0.0   1.5   5.1
2017.4822 2017-06-26   0.0   0.0   0.6   0.0
2017.5014 2017-07-03   0.0   0.0   0.2   0.0
2017.5205 2017-07-10   0.0   0.0   0.0   0.0
2017.5397 2017-07-17   0.0   0.0   0.0   0.0
2017.5589 2017-07-24   0.0   0.0   0.0   0.0
2017.5781 2017-07-31   0.0   0.0   0.0   0.0
2017.5973 2017-08-07   0.0   0.0   0.0   0.0
2017.6164 2017-08-14   0.0   0.0   0.0   0.0
2017.6356 2017-08-21   0.0   0.0   0.0   0.0
2017.6548 2017-08-28   0.0   0.0   0.0   0.0
2017.6575 2017-08-29   -99   -99   -99   -99   -99
2017.8658 2017-11-13   0.0   0.0   0.0   0.0
2017.8849 2017-11-20   0.0   0.0   0.0   0.0
2017.9041 2017-11-27   0.0   0.0   0.0   0.0
2017.9233 2017-12-04   0.0   0.0   0.0   0.0
2017.9425 2017-12-11   0.0   0.0   0.0   0.0
2017.9616 2017-12-18   1.3   0.0   0.0   0.0
2017.9808 2017-12-25   5.7   0.0   1.8   0.0
2018.0000 2018-01-01  14.6   0.0   2.3   0.0
2018.0192 2018-01-08  35.7   0.0  17.1   0.3
2018.0384 2018-01-15  45.3   0.0  23.3   0.8
2018.0575 2018-01-22  56.7   0.0  56.4  11.6
2018.0767 2018-01-29  86.4   1.8  67.7  17.0
2018.0959 2018-02-05 108.3   2.0  81.8  32.0
2018.1151 2018-02-12 143.5   4.5  92.1  70.2
2018.1342 2018-02-19 123.4   8.3  71.9  94.4
2018.1534 2018-02-26 129.4  10.8  78.4 129.7
2018.1726 2018-03-05  98.7   2.7  77.4  98.9
2018.1918 2018-03-12  40.1   1.2  55.7  49.9
2018.2110 2018-03-19  25.4   0.0  50.5  41.3
2018.2301 2018-03-26  23.7   0.0  36.2  19.2
2018.2493 2018-04-02  21.1   0.0  46.4  23.7
2018.2685 2018-04-09   9.8   1.1  62.7  30.2
2018.2877 2018-04-16   5.3   0.9  52.7  30.5
2018.3068 2018-04-23   5.6   0.0  25.3  35.5
2018.3260 2018-04-30   1.3   0.0  30.9  27.1
2018.3452 2018-05-07   0.9   0.0  30.9  17.6
2018.3644 2018-05-14   0.2   0.0  29.8   7.1
2018.3836 2018-05-21   0.1   0.0  41.4   0.0
2018.4027 2018-05-28   1.0   0.0  39.7   3.5
2018.4219 2018-06-04   0.3   0.0  20.9   1.7
2018.4411 2018-06-11   0.4   0.0  17.5   1.0
2018.4603 2018-06-18   0.0   0.0   8.8   0.0
2018.4795 2018-06-25   0.0   0.0   4.3   0.0
2018.4986 2018-07-02   0.0   0.0   0.2   0.0
2018.5178 2018-07-09   0.0   0.0   0.0   0.0
2018.5370 2018-07-16   0.0   0.0   0.0   0.0
2018.5562 2018-07-23   0.0   0.0   0.0   0.0
2018.5753 2018-07-30   0.0   0.0   0.0   0.0
2018.5945 2018-08-06   0.0   0.0   0.0   0.0
2018.6137 2018-08-13   0.0   0.0   0.0   0.0
2018.6329 2018-08-20   0.0   0.0   0.0   0.0
2018.6521 2018-08-27   0.0   0.0   0.0   0.0
2018.6712 2018-09-03   0.0   0.0   0.0   0.0
2018.6740 2018-09-04   -99   -99   -99   -99   -99
2018.8630 2018-11-12   0.0   0.0   0.0   0.0
2018.8822 2018-11-19   0.0   0.0   0.0   0.0
2018.9014 2018-11-26   0.0   0.0   0.0   0.0
2018.9205 2018-12-03   0.1   0.0   0.0   0.0
2018.9397 2018-12-10   1.1   0.0   0.1   0.0
2018.9589 2018-12-17   5.8   0.0   4.3   0.0
2018.9781 2018-12-24   2.6   0.0   2.9   0.2
2018.9973 2018-12-31  19.7   0.0  10.0   0.5
2019.0164 2019-01-07  26.1   0.1  29.6   0.9
2019.0356 2019-01-14  40.2   0.1  32.1   3.2
2019.0548 2019-01-21  70.5   0.1  58.6  15.1
2019.0740 2019-01-28  81.3   0.2  66.3  18.3
2019.0932 2019-02-04 141.4   4.7  91.2  49.7
2019.1123 2019-02-11 124.5  10.6  82.6  65.6
2019.1315 2019-02-18 112.1   7.9  78.4  75.2
2019.1507 2019-02-25 142.5  20.2  55.2 132.0
2019.1699 2019-03-04 173.9  28.5  26.4 133.9
2019.1890 2019-03-11 179.2  33.2  66.6 125.0
2019.2082 2019-03-18 126.8  15.6  72.2  67.5
2019.2274 2019-03-25  78.1  14.2  68.4  30.3
2019.2466 2019-04-01  48.7   7.3  74.7  29.4
2019.2658 2019-04-08  15.7   1.9  56.1  22.8
2019.2849 2019-04-15  14.1   0.0  21.9  24.7
2019.3041 2019-04-22  18.1   0.0  25.0  16.8
2019.3233 2019-04-29  10.0   0.0  32.6   9.8
2019.3616 2019-05-13   2.0   0.0  22.7   1.8
2019.3808 2019-05-20   1.7   0.0  23.3   0.2
2019.4192 2019-06-03   0.0   0.0  14.1   0.0
2019.4384 2019-06-10   0.0   0.0  16.0   0.0
2019.4575 2019-06-17   0.0   0.0   0.8   0.0
2019.4767 2019-06-24   0.0   0.0   0.5   0.0
2019.4959 2019-07-01   0.0   0.0   0.9   0.0
2019.5151 2019-07-08   0.0   0.0   0.4   0.0
2019.5342 2019-07-15   0.0   0.0   0.0   0.0
2019.5534 2019-07-22   0.0   0.0   0.0   0.0
2019.5726 2019-07-29   0.0   0.0   0.0   0.0
2019.5918 2019-08-05   0.0   0.0   0.0   0.0
2019.6110 2019-08-12   0.0   0.0   0.0   0.0
2019.6384 2019-08-22   0.0   0.0   0.0   0.0
2019.6493 2019-08-26   0.0   0.0   0.0   0.0
2019.6521 2019-08-27   -99   -99   -99   -99   -99        -99   -99   -99   -99
2019.8603 2019-11-11   0.0   0.0   0.0   0.0
2019.8795 2019-11-18   0.0   0.0   0.0   0.0
2019.8986 2019-11-25   0.0   0.0   0.0   0.0
2019.9178 2019-12-02   0.0   0.0   0.0   0.0
2019.9370 2019-12-09   0.0   0.0   0.0   0.0
2019.9562 2019-12-16   0.1   0.0   0.0   0.0
2019.9753 2019-12-23   1.3   0.0   0.5   0.0
2019.9945 2019-12-30   2.9   0.0   3.0   0.1
2020.0137 2020-01-06   3.0   0.0   2.7   0.4
2020.0328 2020-01-13  11.0   0.0  11.2   0.4
2020.0519 2020-01-20  35.4   0.1  22.0   1.1
2020.0710 2020-01-27  53.4   0.1  42.7   6.0
2020.0902 2020-02-03  86.4   0.1  53.4  16.4
2020.1093 2020-02-10 110.7   0.8  50.3  32.9
2020.1284 2020-02-17 142.6   3.8  64.9  44.7
2020.1475 2020-02-24 136.3   8.2  77.7  61.3
2020.1667 2020-03-02 141.6   3.3  66.2  67.8
2020.1858 2020-03-09 111.1   6.0  55.3  65.3
2020.1885 2020-03-10   -99   -99   -99   -99   -99        -99   -99   -99   -99
